51
1.1158
6.3611e-16   
1.3528e-15   
3.9388e-16  
-1.4387e-01  
-2.0686e-16  
 2.5600e-16
-2.5319e-16   
3.7384e-02   
8.1757e-17  
-2.3088e-17  
-1.3221e-16  
-1.2412e-02
-1.4552e-16   
1.7782e-16   
1.0973e-16   
3.7495e-03  
-1.1189e-16   
7.8910e-17
5.1077e-17  
-3.7812e-04  
-5.7099e-17  
-2.4895e-16  
-8.7831e-17  
-8.2422e-04
-7.2439e-17  
-1.4248e-16  
-3.0905e-17  
1.0502e-03  
-2.4520e-17  
-1.1292e-16
-5.7427e-17  
-8.5335e-04  
-8.8797e-17  
-1.1427e-16  
-3.4028e-17   
5.2037e-04
8.8694e-18  
-1.2044e-17  
-1.4320e-16  
-2.0202e-04  
-1.0222e-16  
-7.6304e-17
-1.5238e-16  
-3.1099e-05  
-2.0995e-16   
3.9481e-17  
-1.0350e-16  
1.5909e-04
-1.1013e-16  
-6.5174e-17

