!! Mixture averaged transport data file for 16 species CH4 combustion mechanism

!! Reference temperature
3.0d2

!! Reference pressure
1.0d5

!! Viscosity coefficients
1 -1.1380023D+01  8.3399272D-01 -1.0610784D-01  1.9781114D-02
2 -1.0789821D+01  7.7597711D-01 -8.1514493D-02  1.6581773D-02
3 -1.1100024D+01  9.6598559D-01 -1.3804916D-01  1.9877619D-02
4 -1.1484838D+01  1.0721537D+00  3.1691928D-03 -2.1817208D-02
5 -1.1623335D+01  6.6265653D-01 -1.3380699D-02  2.9855062D-03
6 -1.0604628D+01  7.3076671D-01 -6.0173883D-02  1.3342193D-02
7 -1.0574316D+01  7.3076671D-01 -6.0173883D-02  1.3342193D-02
8 -1.1569221D+01  8.4116031D-01 -1.0960851D-01  2.0329993D-02
9 -1.0774435D+01  7.7597711D-01 -8.1514493D-02  1.6581773D-02
10 -1.0759509D+01  7.7597711D-01 -8.1514493D-02  1.6581773D-02
11 -1.0940427D+01  7.5791328D-01 -7.0841808D-02  1.4355753D-02
12 -1.1559076D+01  1.0272323D+00 -3.7094716D-02 -1.5170015D-02
13 -1.1576027D+01  1.0272323D+00 -3.7094716D-02 -1.5170015D-02
14 -1.1447163D+01  8.3964615D-01 -1.0918643D-01  2.0329993D-02
15 -1.1532065D+01  1.0021532D+00 -3.8175316D-02 -1.3547633D-02
16 -1.0922972D+01  7.5708911D-01 -7.0590841D-02  1.4355753D-02

!! Thermal conductivity coefficients
1 -3.3549747D+00  1.3650012D+00  2.7029536D-03 -4.1537210D-02
2 -3.6301886D+00  8.9192179D-01 -4.4519736D-02  4.0535492D-03
3 -4.0377892D+00  1.3223590D+00 -1.6739439D-01  7.5620594D-03
4 -3.6571164D+00  1.2038090D+00  9.4051389D-02 -4.1704178D-02
5 -1.6774023D+00  6.7800389D-01  6.0212873D-03  1.1224239D-02
6 -3.0297090D+00  7.3076671D-01 -6.0173883D-02  1.3342193D-02
7 -2.8411701D+00  7.1063838D-01 -5.1511152D-03  1.3300633D-02
8 -1.2217134D+00  8.4116031D-01 -1.0960851D-01  2.0329993D-02
9 -3.5239365D+00  1.0302475D+00 -4.6045569D-02 -1.4691398D-03
10 -3.2922747D+00  1.0966427D+00 -5.7895066D-02 -4.7120253D-03
11 -3.6829784D+00  8.1419370D-01  2.1487010D-02 -1.3465968D-02
12 -4.1900737D+00  1.4851598D+00  2.0390535D-02 -5.8871439D-02
13 -4.2352944D+00  1.2568334D+00  3.6030618D-02 -4.8026871D-02
14 -3.3339600D+00  1.1519821D+00 -1.4585588D-02 -1.8773660D-02
15 -4.1095643D+00  1.6013099D+00  3.3708459D-04 -6.2269859D-02
16 -3.6486043D+00  7.9484049D-01  2.3989013D-02 -1.1993908D-02
 
!! Diffusion coefficients
1 1 -1.0664330D+01  1.8306004D+00 -9.2093378D-02  1.6338529D-02
2 1 -1.0685941D+01  1.8046552D+00 -8.3432209D-02  1.5768260D-02
2 2 -1.0767064D+01  1.7805827D+00 -7.2472640D-02  1.3963040D-02
3 1 -1.0957891D+01  1.8883375D+00 -1.1100945D-01  1.8149846D-02
3 2 -1.1056864D+01  1.8592479D+00 -1.0332902D-01  1.7922621D-02
3 3 -1.1390038D+01  1.9472971D+00 -1.2100154D-01  1.7037851D-02
4 1 -1.0223312D+01  1.9864370D+00 -1.1064065D-01  1.0630723D-02
4 2 -1.0261377D+01  1.9619435D+00 -1.1794173D-01  1.4868015D-02
4 3 -1.0668644D+01  2.0235586D+00 -9.2872176D-02  2.8318740D-03
4 4 -1.0894723D+01  2.1074880D+00 -1.2257848D-02 -2.0202313D-02
5 1 -9.4988044D+00  1.7271849D+00 -4.5035863D-02  8.9890049D-03
5 2 -9.4085247D+00  1.7124356D+00 -3.7667133D-02  7.8978109D-03
5 3 -9.6069171D+00  1.7626697D+00 -6.3400918D-02  1.2305278D-02
5 4 -8.7930097D+00  1.8593878D+00 -1.0336542D-01  1.7922621D-02
5 5 -8.8157899D+00  1.6767814D+00 -1.5738954D-02  3.3242353D-03
6 1 -1.0292460D+01  1.7791733D+00 -7.2064200D-02  1.3963040D-02
6 2 -1.0308763D+01  1.7578941D+00 -6.1995024D-02  1.2305278D-02
6 3 -1.0571803D+01  1.8283980D+00 -9.1505420D-02  1.6338529D-02
6 4 -1.0175686D+01  1.9191592D+00 -1.1747302D-01  1.7933197D-02
6 5 -9.1145500D+00  1.6989474D+00 -2.8041321D-02  5.5067712D-03
6 6 -9.8863836D+00  1.7404050D+00 -5.5150064D-02  1.1547496D-02
7 1 -1.0307386D+01  1.7791733D+00 -7.2064200D-02  1.3963040D-02
7 2 -1.0328765D+01  1.7578941D+00 -6.1995024D-02  1.2305278D-02
7 3 -1.0593850D+01  1.8283980D+00 -9.1505420D-02  1.6338529D-02
7 4 -1.0191505D+01  1.9191592D+00 -1.1747302D-01  1.7933197D-02
7 5 -9.1178287D+00  1.6989474D+00 -2.8041321D-02  5.5067712D-03
7 6 -9.9013101D+00  1.7404050D+00 -5.5150064D-02  1.1547496D-02
7 7 -9.9166959D+00  1.7404050D+00 -5.5150064D-02  1.1547496D-02
8 1 -9.0852239D+00  1.8343242D+00 -9.4305850D-02  1.6779262D-02
8 2 -8.9539663D+00  1.8067602D+00 -8.4026853D-02  1.5768260D-02
8 3 -9.2082131D+00  1.8913353D+00 -1.1249089D-01  1.8512466D-02
8 4 -8.9325636D+00  1.9728943D+00 -1.1162353D-01  1.2070006D-02
8 5 -8.4240525D+00  1.7283214D+00 -4.5374851D-02  8.9890049D-03
8 6 -8.6208060D+00  1.7809917D+00 -7.2590767D-02  1.3963040D-02
8 7 -8.6225391D+00  1.7809917D+00 -7.2590767D-02  1.3963040D-02
8 8 -8.0808181D+00  1.8367031D+00 -9.4938621D-02  1.6779262D-02
9 1 -1.0691017D+01  1.8046552D+00 -8.3432209D-02  1.5768260D-02
9 2 -1.0774698D+01  1.7805827D+00 -7.2472640D-02  1.3963040D-02
9 3 -1.1065714D+01  1.8592479D+00 -1.0332902D-01  1.7922621D-02
9 4 -1.0646927D+01  1.9511898D+00 -1.2182094D-01  1.7037851D-02
9 5 -9.4094167D+00  1.7124356D+00 -3.7667133D-02  7.8978109D-03
9 6 -1.0313839D+01  1.7578941D+00 -6.1995024D-02  1.2305278D-02
9 7 -1.0334050D+01  1.7578941D+00 -6.1995024D-02  1.2305278D-02
9 8 -8.9544257D+00  1.8067602D+00 -8.4026853D-02  1.5768260D-02
9 9 -1.0782450D+01  1.7805827D+00 -7.2472640D-02  1.3963040D-02
10 1 -1.0695842D+01  1.8046552D+00 -8.3432209D-02  1.5768260D-02
10 2 -1.0781991D+01  1.7805827D+00 -7.2472640D-02  1.3963040D-02
10 3 -1.1074188D+01  1.8592479D+00 -1.0332902D-01  1.7922621D-02
10 4 -1.0652145D+01  1.9511898D+00 -1.2182094D-01  1.7037851D-02
10 5 -9.4102578D+00  1.7124356D+00 -3.7667133D-02  7.8978109D-03
10 6 -1.0318664D+01  1.7578941D+00 -6.1995024D-02  1.2305278D-02
10 7 -1.0339075D+01  1.7578941D+00 -6.1995024D-02  1.2305278D-02
10 8 -8.9548584D+00  1.8067602D+00 -8.4026853D-02  1.5768260D-02
10 9 -1.0789857D+01  1.7805827D+00 -7.2472640D-02  1.3963040D-02
10 10 -1.0797376D+01  1.7805827D+00 -7.2472640D-02  1.3963040D-02
11 1 -1.0702100D+01  1.7965629D+00 -7.8683524D-02  1.4587746D-02
11 2 -1.0774775D+01  1.7741045D+00 -7.0575632D-02  1.3963040D-02
11 3 -1.1053556D+01  1.8499994D+00 -1.0089407D-01  1.7922621D-02
11 4 -1.0246500D+01  1.9526694D+00 -1.1617482D-01  1.4868015D-02
11 5 -9.4541152D+00  1.7090726D+00 -3.6594143D-02  7.8978109D-03
11 6 -1.0334868D+01  1.7523548D+00 -6.0323238D-02  1.2305278D-02
11 7 -1.0353944D+01  1.7523548D+00 -6.0323238D-02  1.2305278D-02
11 8 -9.0070465D+00  1.7985480D+00 -7.9233649D-02  1.4587746D-02
11 9 -1.0781896D+01  1.7741045D+00 -7.0575632D-02  1.3963040D-02
11 10 -1.0788693D+01  1.7741045D+00 -7.0575632D-02  1.3963040D-02
11 11 -1.0783623D+01  1.7650423D+00 -6.4087929D-02  1.2305278D-02
12 1 -1.1003782D+01  1.9618024D+00 -1.1791504D-01  1.4868015D-02
12 2 -1.1059552D+01  1.9344754D+00 -1.1826246D-01  1.7037851D-02
12 3 -1.1408330D+01  2.0003259D+00 -9.5559344D-02  4.7454914D-03
12 4 -1.1056314D+01  2.0168340D+00 -2.4239513D-02 -1.7798503D-02
12 5 -9.6488990D+00  1.8255724D+00 -9.0745467D-02  1.6338529D-02
12 6 -1.0589217D+01  1.9048865D+00 -1.1578772D-01  1.8512466D-02
12 7 -1.0608776D+01  1.9048865D+00 -1.1578772D-01  1.8512466D-02
12 8 -9.2948189D+00  1.9647739D+00 -1.1847574D-01  1.4868015D-02
12 9 -1.1066937D+01  1.9344754D+00 -1.1826246D-01  1.7037851D-02
12 10 -1.1073990D+01  1.9344754D+00 -1.1826246D-01  1.7037851D-02
12 11 -1.1060687D+01  1.9269300D+00 -1.1958768D-01  1.8095788D-02
12 12 -1.1459557D+01  2.0358645D+00 -6.2060465D-02 -6.3012780D-03
13 1 -1.0997820D+01  1.9618024D+00 -1.1791504D-01  1.4868015D-02
13 2 -1.1050731D+01  1.9344754D+00 -1.1826246D-01  1.7037851D-02
13 3 -1.1398182D+01  2.0003259D+00 -9.5559344D-02  4.7454914D-03
13 4 -1.1049890D+01  2.0168340D+00 -2.4239513D-02 -1.7798503D-02
13 5 -9.6478226D+00  1.8255724D+00 -9.0745467D-02  1.6338529D-02
13 6 -1.0583255D+01  1.9048865D+00 -1.1578772D-01  1.8512466D-02
13 7 -1.0602578D+01  1.9048865D+00 -1.1578772D-01  1.8512466D-02
13 8 -9.2942630D+00  1.9647739D+00 -1.1847574D-01  1.4868015D-02
13 9 -1.1057987D+01  1.9344754D+00 -1.1826246D-01  1.7037851D-02
13 10 -1.1064913D+01  1.9344754D+00 -1.1826246D-01  1.7037851D-02
13 11 -1.1052432D+01  1.9269300D+00 -1.1958768D-01  1.8095788D-02
13 12 -1.1451010D+01  2.0358645D+00 -6.2060465D-02 -6.3012780D-03
13 13 -1.1442607D+01  2.0358645D+00 -6.2060465D-02 -6.3012780D-03
14 1 -1.0665318D+01  1.8322824D+00 -9.2539923D-02  1.6338529D-02
14 2 -1.0681916D+01  1.8061793D+00 -8.3863168D-02  1.5768260D-02
14 3 -1.0951903D+01  1.8903647D+00 -1.1150550D-01  1.8149846D-02
14 4 -1.0647193D+01  1.9721223D+00 -1.1149824D-01  1.2070006D-02
14 5 -9.5133242D+00  1.7280077D+00 -4.5281539D-02  8.9890049D-03
14 6 -1.0295171D+01  1.7804899D+00 -7.2445822D-02  1.3963040D-02
14 7 -1.0309609D+01  1.7804899D+00 -7.2445822D-02  1.3963040D-02
14 8 -9.1048679D+00  1.8360467D+00 -9.4764441D-02  1.6779262D-02
14 9 -1.0686776D+01  1.8061793D+00 -8.3863168D-02  1.5768260D-02
14 10 -1.0691392D+01  1.8061793D+00 -8.3863168D-02  1.5768260D-02
14 11 -1.0698583D+01  1.7980002D+00 -7.9082219D-02  1.4587746D-02
14 12 -1.1001387D+01  1.9639546D+00 -1.1832140D-01  1.4868015D-02
14 13 -1.0995673D+01  1.9639546D+00 -1.1832140D-01  1.4868015D-02
14 14 -1.0666840D+01  1.8353915D+00 -9.4590261D-02  1.6779262D-02
15 1 -1.0763131D+01  1.9508747D+00 -1.1582978D-01  1.4868015D-02
15 2 -1.0848006D+01  1.9255627D+00 -1.1927694D-01  1.8095788D-02
15 3 -1.1223775D+01  2.0021920D+00 -1.1288852D-01  1.0630723D-02
15 4 -1.1152627D+01  2.0592945D+00 -4.5813543D-02 -1.1086024D-02
15 5 -9.3573806D+00  1.8189416D+00 -8.8936649D-02  1.6338529D-02
15 6 -1.0591238D+01  1.8846176D+00 -1.1009339D-01  1.8149846D-02
15 7 -1.0611024D+01  1.8846176D+00 -1.1009339D-01  1.8149846D-02
15 8 -9.2903035D+00  1.9491737D+00 -1.2139725D-01  1.7037851D-02
15 9 -1.1066154D+01  1.9165558D+00 -1.1687536D-01  1.7933197D-02
15 10 -1.1073328D+01  1.9165558D+00 -1.1687536D-01  1.7933197D-02
15 11 -1.0830469D+01  1.9155312D+00 -1.1663931D-01  1.7933197D-02
15 12 -1.1448282D+01  2.0246990D+00 -6.3738312D-02 -6.3012780D-03
15 13 -1.1439596D+01  2.0246990D+00 -6.3738312D-02 -6.3012780D-03
15 14 -1.0993542D+01  1.9483342D+00 -1.2122039D-01  1.7037851D-02
15 15 -1.1472965D+01  2.0182131D+00 -6.0771553D-02 -6.1691001D-03
16 1 -1.0693379D+01  1.7961047D+00 -7.8556012D-02  1.4587746D-02
16 2 -1.0765801D+01  1.7736936D+00 -7.0453581D-02  1.3963040D-02
16 3 -1.1044698D+01  1.8494119D+00 -1.0073741D-01  1.7922621D-02
16 4 -1.0265370D+01  1.9507609D+00 -1.1580786D-01  1.4868015D-02
16 5 -9.4446587D+00  1.7088596D+00 -3.6525108D-02  7.8978109D-03
16 6 -1.0325050D+01  1.7520036D+00 -6.0215678D-02  1.2305278D-02
16 7 -1.0344126D+01  1.7520036D+00 -6.0215678D-02  1.2305278D-02
16 8 -8.9959759D+00  1.7980866D+00 -7.9106137D-02  1.4587746D-02
16 9 -1.0772922D+01  1.7736936D+00 -7.0453581D-02  1.3963040D-02
16 10 -1.0779718D+01  1.7736936D+00 -7.0453581D-02  1.3963040D-02
16 11 -1.0774890D+01  1.7646691D+00 -6.3980368D-02  1.2305278D-02
16 12 -1.1051417D+01  1.9262336D+00 -1.1942951D-01  1.8095788D-02
16 13 -1.1043162D+01  1.9262336D+00 -1.1942951D-01  1.8095788D-02
16 14 -1.0689915D+01  1.7975397D+00 -7.8954707D-02  1.4587746D-02
16 15 -1.0837833D+01  1.9141646D+00 -1.1632371D-01  1.7933197D-02
16 16 -1.0766127D+01  1.7642966D+00 -6.3872807D-02  1.2305278D-02

!!End of file
