!! Mixture averaged transport data file

!! Reference temperature
3.0d2

!! Reference pressure
1.0d5

!! Viscosity coefficients
1 -1.1623335D+01  6.6265653D-01 -1.3380699D-02  2.9855062D-03
2 -1.0789821D+01  7.7597711D-01 -8.1514493D-02  1.6581773D-02
3 -1.0922972D+01  7.5708911D-01 -7.0590841D-02  1.4355753D-02

!! Thermal conductivity coefficients
1 -1.6774023D+00  6.7800389D-01  6.0212873D-03  1.1224239D-02
2 -3.6301886D+00  8.9192179D-01 -4.4519736D-02  4.0535492D-03
3 -3.6486043D+00  7.9484049D-01  2.3989013D-02 -1.1993908D-02

!! Diffusion coefficients
1 1 -8.8157899D+00  1.6767814D+00 -1.5738954D-02  3.3242353D-03
2 1 -9.4085247D+00  1.7124356D+00 -3.7667133D-02  7.8978109D-03
2 2 -1.0767064D+01  1.7805827D+00 -7.2472640D-02  1.3963040D-02
3 1 -9.4446587D+00  1.7088596D+00 -3.6525108D-02  7.8978109D-03
3 2 -1.0765801D+01  1.7736936D+00 -7.0453581D-02  1.3963040D-02
3 3 -1.0766127D+01  1.7642966D+00 -6.3872807D-02  1.2305278D-02

!!End of file
