501
 -8.48000000e-03 0.00000000e+00 7.19222916e-02 0.00000000e+00 0.00000000e+00 1.02638366e+00 1.30704726e+06 2.97999977e+02 1.00000015e+05 1.00000000e+00 0.00000000e+00
 -8.44000000e-03 0.00000000e+00 7.19217478e-02 0.00000000e+00 0.00000000e+00 1.02638365e+00 1.30703098e+06 2.97999979e+02 1.00000015e+05 9.99984596e-01 1.54036312e-05
 -8.40000000e-03 0.00000000e+00 7.19215827e-02 0.00000000e+00 0.00000000e+00 1.02638365e+00 1.30701405e+06 2.97999980e+02 1.00000016e+05 9.99968590e-01 3.14095967e-05
 -8.36000000e-03 0.00000000e+00 7.19209636e-02 0.00000000e+00 0.00000000e+00 1.02638365e+00 1.30699647e+06 2.97999982e+02 1.00000016e+05 9.99951958e-01 4.80420955e-05
 -8.32000000e-03 0.00000000e+00 7.19210793e-02 0.00000000e+00 0.00000000e+00 1.02638364e+00 1.30697819e+06 2.97999983e+02 1.00000016e+05 9.99934674e-01 6.53262910e-05
 -8.28000000e-03 0.00000000e+00 7.19212272e-02 0.00000000e+00 0.00000000e+00 1.02638364e+00 1.30695920e+06 2.97999985e+02 1.00000016e+05 9.99916712e-01 8.32883541e-05
 -8.24000000e-03 0.00000000e+00 7.19211688e-02 0.00000000e+00 0.00000000e+00 1.02638363e+00 1.30693947e+06 2.97999986e+02 1.00000016e+05 9.99898044e-01 1.01955504e-04
 -8.20000000e-03 0.00000000e+00 7.19211118e-02 0.00000000e+00 0.00000000e+00 1.02638363e+00 1.30691896e+06 2.97999986e+02 1.00000016e+05 9.99878644e-01 1.21356051e-04
 -8.16000000e-03 0.00000000e+00 7.19211409e-02 0.00000000e+00 0.00000000e+00 1.02638363e+00 1.30689764e+06 2.97999987e+02 1.00000016e+05 9.99858481e-01 1.41519445e-04
 -8.12000000e-03 0.00000000e+00 7.19211545e-02 0.00000000e+00 0.00000000e+00 1.02638363e+00 1.30687549e+06 2.97999987e+02 1.00000016e+05 9.99837524e-01 1.62476312e-04
 -8.08000000e-03 0.00000000e+00 7.19211427e-02 0.00000000e+00 0.00000000e+00 1.02638363e+00 1.30685246e+06 2.97999988e+02 1.00000016e+05 9.99815741e-01 1.84258511e-04
 -8.04000000e-03 0.00000000e+00 7.19211392e-02 0.00000000e+00 0.00000000e+00 1.02638363e+00 1.30682853e+06 2.97999988e+02 1.00000016e+05 9.99793101e-01 2.06899176e-04
 -8.00000000e-03 0.00000000e+00 7.19211435e-02 0.00000000e+00 0.00000000e+00 1.02638363e+00 1.30680365e+06 2.97999988e+02 1.00000016e+05 9.99769567e-01 2.30432767e-04
 -7.96000000e-03 0.00000000e+00 7.19211440e-02 0.00000000e+00 0.00000000e+00 1.02638362e+00 1.30677779e+06 2.97999988e+02 1.00000016e+05 9.99745105e-01 2.54895127e-04
 -7.92000000e-03 0.00000000e+00 7.19211424e-02 0.00000000e+00 0.00000000e+00 1.02638362e+00 1.30675092e+06 2.97999988e+02 1.00000016e+05 9.99719676e-01 2.80323530e-04
 -7.88000000e-03 0.00000000e+00 7.19211424e-02 0.00000000e+00 0.00000000e+00 1.02638362e+00 1.30672297e+06 2.97999988e+02 1.00000016e+05 9.99693243e-01 3.06756746e-04
 -7.84000000e-03 0.00000000e+00 7.19211429e-02 0.00000000e+00 0.00000000e+00 1.02638362e+00 1.30669393e+06 2.97999988e+02 1.00000016e+05 9.99665765e-01 3.34235092e-04
 -7.80000000e-03 0.00000000e+00 7.19211429e-02 0.00000000e+00 0.00000000e+00 1.02638362e+00 1.30666373e+06 2.97999988e+02 1.00000016e+05 9.99637200e-01 3.62800500e-04
 -7.76000000e-03 0.00000000e+00 7.19211427e-02 0.00000000e+00 0.00000000e+00 1.02638362e+00 1.30663234e+06 2.97999988e+02 1.00000016e+05 9.99607503e-01 3.92496578e-04
 -7.72000000e-03 0.00000000e+00 7.19211428e-02 0.00000000e+00 0.00000000e+00 1.02638362e+00 1.30659971e+06 2.97999988e+02 1.00000016e+05 9.99576631e-01 4.23368679e-04
 -7.68000000e-03 0.00000000e+00 7.19211429e-02 0.00000000e+00 0.00000000e+00 1.02638362e+00 1.30656578e+06 2.97999988e+02 1.00000016e+05 9.99544536e-01 4.55463967e-04
 -7.64000000e-03 0.00000000e+00 7.19211429e-02 0.00000000e+00 0.00000000e+00 1.02638362e+00 1.30653051e+06 2.97999988e+02 1.00000016e+05 9.99511169e-01 4.88831493e-04
 -7.60000000e-03 0.00000000e+00 7.19211429e-02 0.00000000e+00 0.00000000e+00 1.02638362e+00 1.30649384e+06 2.97999988e+02 1.00000016e+05 9.99476478e-01 5.23522267e-04
 -7.56000000e-03 0.00000000e+00 7.19211430e-02 0.00000000e+00 0.00000000e+00 1.02638362e+00 1.30645572e+06 2.97999988e+02 1.00000016e+05 9.99440411e-01 5.59589339e-04
 -7.52000000e-03 0.00000000e+00 7.19211430e-02 0.00000000e+00 0.00000000e+00 1.02638362e+00 1.30641608e+06 2.97999989e+02 1.00000016e+05 9.99402912e-01 5.97087876e-04
 -7.48000000e-03 0.00000000e+00 7.19211431e-02 0.00000000e+00 0.00000000e+00 1.02638362e+00 1.30637487e+06 2.97999989e+02 1.00000016e+05 9.99363925e-01 6.36075250e-04
 -7.44000000e-03 0.00000000e+00 7.19211431e-02 0.00000000e+00 0.00000000e+00 1.02638362e+00 1.30633202e+06 2.97999989e+02 1.00000016e+05 9.99323389e-01 6.76611126e-04
 -7.40000000e-03 0.00000000e+00 7.19211431e-02 0.00000000e+00 0.00000000e+00 1.02638362e+00 1.30628747e+06 2.97999989e+02 1.00000016e+05 9.99281242e-01 7.18757549e-04
 -7.36000000e-03 0.00000000e+00 7.19211432e-02 0.00000000e+00 0.00000000e+00 1.02638362e+00 1.30624114e+06 2.97999989e+02 1.00000016e+05 9.99237421e-01 7.62579042e-04
 -7.32000000e-03 0.00000000e+00 7.19211432e-02 0.00000000e+00 0.00000000e+00 1.02638362e+00 1.30619298e+06 2.97999990e+02 1.00000016e+05 9.99191857e-01 8.08142703e-04
 -7.28000000e-03 0.00000000e+00 7.19211433e-02 0.00000000e+00 0.00000000e+00 1.02638362e+00 1.30614290e+06 2.97999990e+02 1.00000016e+05 9.99144482e-01 8.55518311e-04
 -7.24000000e-03 0.00000000e+00 7.19211434e-02 0.00000000e+00 0.00000000e+00 1.02638362e+00 1.30609083e+06 2.97999990e+02 1.00000016e+05 9.99095222e-01 9.04778425e-04
 -7.20000000e-03 0.00000000e+00 7.19211435e-02 0.00000000e+00 0.00000000e+00 1.02638362e+00 1.30603669e+06 2.97999991e+02 1.00000016e+05 9.99044001e-01 9.55998504e-04
 -7.16000000e-03 0.00000000e+00 7.19211435e-02 0.00000000e+00 0.00000000e+00 1.02638361e+00 1.30598039e+06 2.97999991e+02 1.00000016e+05 9.98990743e-01 1.00925701e-03
 -7.12000000e-03 0.00000000e+00 7.19211436e-02 0.00000000e+00 0.00000000e+00 1.02638361e+00 1.30592185e+06 2.97999991e+02 1.00000016e+05 9.98935364e-01 1.06463555e-03
 -7.08000000e-03 0.00000000e+00 7.19211437e-02 0.00000000e+00 0.00000000e+00 1.02638361e+00 1.30586098e+06 2.97999992e+02 1.00000016e+05 9.98877781e-01 1.12221897e-03
 -7.04000000e-03 0.00000000e+00 7.19211439e-02 0.00000000e+00 0.00000000e+00 1.02638361e+00 1.30579768e+06 2.97999992e+02 1.00000016e+05 9.98817905e-01 1.18209549e-03
 -7.00000000e-03 0.00000000e+00 7.19211440e-02 0.00000000e+00 0.00000000e+00 1.02638361e+00 1.30573187e+06 2.97999993e+02 1.00000016e+05 9.98755643e-01 1.24435689e-03
 -6.96000000e-03 0.00000000e+00 7.19211442e-02 0.00000000e+00 0.00000000e+00 1.02638361e+00 1.30566343e+06 2.97999994e+02 1.00000016e+05 9.98690901e-01 1.30909856e-03
 -6.92000000e-03 0.00000000e+00 7.19211443e-02 0.00000000e+00 0.00000000e+00 1.02638360e+00 1.30559227e+06 2.97999994e+02 1.00000016e+05 9.98623580e-01 1.37641971e-03
 -6.88000000e-03 0.00000000e+00 7.19211445e-02 0.00000000e+00 0.00000000e+00 1.02638360e+00 1.30551827e+06 2.97999995e+02 1.00000016e+05 9.98553576e-01 1.44642352e-03
 -6.84000000e-03 0.00000000e+00 7.19211448e-02 0.00000000e+00 0.00000000e+00 1.02638360e+00 1.30544132e+06 2.97999996e+02 1.00000016e+05 9.98480783e-01 1.51921725e-03
 -6.80000000e-03 0.00000000e+00 7.19211450e-02 0.00000000e+00 0.00000000e+00 1.02638359e+00 1.30536130e+06 2.97999997e+02 1.00000016e+05 9.98405088e-01 1.59491247e-03
 -6.76000000e-03 0.00000000e+00 7.19211453e-02 0.00000000e+00 0.00000000e+00 1.02638359e+00 1.30527809e+06 2.97999998e+02 1.00000016e+05 9.98326375e-01 1.67362516e-03
 -6.72000000e-03 0.00000000e+00 7.19211456e-02 0.00000000e+00 0.00000000e+00 1.02638358e+00 1.30519157e+06 2.98000000e+02 1.00000016e+05 9.98244524e-01 1.75547594e-03
 -6.68000000e-03 0.00000000e+00 7.19211459e-02 0.00000000e+00 0.00000000e+00 1.02638358e+00 1.30510159e+06 2.98000001e+02 1.00000016e+05 9.98159410e-01 1.84059021e-03
 -6.64000000e-03 0.00000000e+00 7.19211463e-02 0.00000000e+00 0.00000000e+00 1.02638357e+00 1.30500803e+06 2.98000003e+02 1.00000016e+05 9.98070902e-01 1.92909840e-03
 -6.60000000e-03 0.00000000e+00 7.19211468e-02 0.00000000e+00 0.00000000e+00 1.02638357e+00 1.30491074e+06 2.98000005e+02 1.00000016e+05 9.97978864e-01 2.02113610e-03
 -6.56000000e-03 0.00000000e+00 7.19211473e-02 0.00000000e+00 0.00000000e+00 1.02638356e+00 1.30480956e+06 2.98000007e+02 1.00000016e+05 9.97883156e-01 2.11684431e-03
 -6.52000000e-03 0.00000000e+00 7.19211478e-02 0.00000000e+00 0.00000000e+00 1.02638355e+00 1.30470435e+06 2.98000009e+02 1.00000016e+05 9.97783630e-01 2.21636965e-03
 -6.48000000e-03 0.00000000e+00 7.19211485e-02 0.00000000e+00 0.00000000e+00 1.02638354e+00 1.30459494e+06 2.98000012e+02 1.00000016e+05 9.97680135e-01 2.31986454e-03
 -6.44000000e-03 0.00000000e+00 7.19211492e-02 0.00000000e+00 0.00000000e+00 1.02638353e+00 1.30448117e+06 2.98000015e+02 1.00000016e+05 9.97572512e-01 2.42748751e-03
 -6.40000000e-03 0.00000000e+00 7.19211500e-02 0.00000000e+00 0.00000000e+00 1.02638352e+00 1.30436286e+06 2.98000018e+02 1.00000016e+05 9.97460597e-01 2.53940337e-03
 -6.36000000e-03 0.00000000e+00 7.19211508e-02 0.00000000e+00 0.00000000e+00 1.02638351e+00 1.30423982e+06 2.98000021e+02 1.00000016e+05 9.97344217e-01 2.65578348e-03
 -6.32000000e-03 0.00000000e+00 7.19211518e-02 0.00000000e+00 0.00000000e+00 1.02638350e+00 1.30411188e+06 2.98000026e+02 1.00000016e+05 9.97223194e-01 2.77680604e-03
 -6.28000000e-03 0.00000000e+00 7.19211529e-02 0.00000000e+00 0.00000000e+00 1.02638348e+00 1.30397884e+06 2.98000030e+02 1.00000016e+05 9.97097344e-01 2.90265630e-03
 -6.24000000e-03 0.00000000e+00 7.19211542e-02 0.00000000e+00 0.00000000e+00 1.02638346e+00 1.30384048e+06 2.98000035e+02 1.00000016e+05 9.96966473e-01 3.03352692e-03
 -6.20000000e-03 0.00000000e+00 7.19211556e-02 0.00000000e+00 0.00000000e+00 1.02638344e+00 1.30369661e+06 2.98000041e+02 1.00000016e+05 9.96830382e-01 3.16961818e-03
 -6.16000000e-03 0.00000000e+00 7.19211572e-02 0.00000000e+00 0.00000000e+00 1.02638342e+00 1.30354699e+06 2.98000048e+02 1.00000016e+05 9.96688862e-01 3.31113835e-03
 -6.12000000e-03 0.00000000e+00 7.19211589e-02 0.00000000e+00 0.00000000e+00 1.02638339e+00 1.30339140e+06 2.98000055e+02 1.00000016e+05 9.96541696e-01 3.45830394e-03
 -6.08000000e-03 0.00000000e+00 7.19211609e-02 0.00000000e+00 0.00000000e+00 1.02638337e+00 1.30322961e+06 2.98000063e+02 1.00000016e+05 9.96388660e-01 3.61134011e-03
 -6.04000000e-03 0.00000000e+00 7.19211631e-02 0.00000000e+00 0.00000000e+00 1.02638333e+00 1.30306136e+06 2.98000072e+02 1.00000016e+05 9.96229519e-01 3.77048093e-03
 -6.00000000e-03 0.00000000e+00 7.19211656e-02 0.00000000e+00 0.00000000e+00 1.02638330e+00 1.30288639e+06 2.98000083e+02 1.00000016e+05 9.96064030e-01 3.93596978e-03
 -5.96000000e-03 0.00000000e+00 7.19211684e-02 0.00000000e+00 0.00000000e+00 1.02638326e+00 1.30270444e+06 2.98000094e+02 1.00000016e+05 9.95891940e-01 4.10805972e-03
 -5.92000000e-03 0.00000000e+00 7.19211715e-02 0.00000000e+00 0.00000000e+00 1.02638321e+00 1.30251523e+06 2.98000107e+02 1.00000016e+05 9.95712986e-01 4.28701384e-03
 -5.88000000e-03 0.00000000e+00 7.19211751e-02 0.00000000e+00 0.00000000e+00 1.02638316e+00 1.30231847e+06 2.98000122e+02 1.00000016e+05 9.95526894e-01 4.47310570e-03
 -5.84000000e-03 0.00000000e+00 7.19211790e-02 0.00000000e+00 0.00000000e+00 1.02638311e+00 1.30211386e+06 2.98000138e+02 1.00000016e+05 9.95333380e-01 4.66661969e-03
 -5.80000000e-03 0.00000000e+00 7.19211834e-02 0.00000000e+00 0.00000000e+00 1.02638305e+00 1.30190109e+06 2.98000156e+02 1.00000016e+05 9.95132148e-01 4.86785153e-03
 -5.76000000e-03 0.00000000e+00 7.19211884e-02 0.00000000e+00 0.00000000e+00 1.02638297e+00 1.30167982e+06 2.98000177e+02 1.00000016e+05 9.94922891e-01 5.07710866e-03
 -5.72000000e-03 0.00000000e+00 7.19211940e-02 0.00000000e+00 0.00000000e+00 1.02638290e+00 1.30144972e+06 2.98000200e+02 1.00000016e+05 9.94705289e-01 5.29471070e-03
 -5.68000000e-03 0.00000000e+00 7.19212002e-02 0.00000000e+00 0.00000000e+00 1.02638281e+00 1.30121045e+06 2.98000225e+02 1.00000016e+05 9.94479010e-01 5.52099000e-03
 -5.64000000e-03 0.00000000e+00 7.19212072e-02 0.00000000e+00 0.00000000e+00 1.02638271e+00 1.30096162e+06 2.98000254e+02 1.00000016e+05 9.94243708e-01 5.75629207e-03
 -5.60000000e-03 0.00000000e+00 7.19212151e-02 0.00000000e+00 0.00000000e+00 1.02638260e+00 1.30070286e+06 2.98000287e+02 1.00000016e+05 9.93999024e-01 6.00097613e-03
 -5.56000000e-03 0.00000000e+00 7.19212239e-02 0.00000000e+00 0.00000000e+00 1.02638247e+00 1.30043378e+06 2.98000323e+02 1.00000016e+05 9.93744584e-01 6.25541566e-03
 -5.52000000e-03 0.00000000e+00 7.19212338e-02 0.00000000e+00 0.00000000e+00 1.02638233e+00 1.30015396e+06 2.98000364e+02 1.00000016e+05 9.93480001e-01 6.51999895e-03
 -5.48000000e-03 0.00000000e+00 7.19212449e-02 0.00000000e+00 0.00000000e+00 1.02638217e+00 1.29986297e+06 2.98000410e+02 1.00000016e+05 9.93204870e-01 6.79512968e-03
 -5.44000000e-03 0.00000000e+00 7.19212573e-02 0.00000000e+00 0.00000000e+00 1.02638199e+00 1.29956037e+06 2.98000461e+02 1.00000016e+05 9.92918772e-01 7.08122756e-03
 -5.40000000e-03 0.00000000e+00 7.19212713e-02 0.00000000e+00 0.00000000e+00 1.02638180e+00 1.29924570e+06 2.98000519e+02 1.00000016e+05 9.92621271e-01 7.37872892e-03
 -5.36000000e-03 0.00000000e+00 7.19212870e-02 0.00000000e+00 0.00000000e+00 1.02638157e+00 1.29891846e+06 2.98000584e+02 1.00000016e+05 9.92311913e-01 7.68808742e-03
 -5.32000000e-03 0.00000000e+00 7.19213045e-02 0.00000000e+00 0.00000000e+00 1.02638132e+00 1.29857817e+06 2.98000656e+02 1.00000016e+05 9.91990225e-01 8.00977468e-03
 -5.28000000e-03 0.00000000e+00 7.19213242e-02 0.00000000e+00 0.00000000e+00 1.02638104e+00 1.29822430e+06 2.98000738e+02 1.00000016e+05 9.91655719e-01 8.34428101e-03
 -5.24000000e-03 0.00000000e+00 7.19213463e-02 0.00000000e+00 0.00000000e+00 1.02638073e+00 1.29785630e+06 2.98000829e+02 1.00000016e+05 9.91307884e-01 8.69211617e-03
 -5.20000000e-03 0.00000000e+00 7.19213711e-02 0.00000000e+00 0.00000000e+00 1.02638038e+00 1.29747361e+06 2.98000931e+02 1.00000016e+05 9.90946190e-01 9.05381011e-03
 -5.16000000e-03 0.00000000e+00 7.19213989e-02 0.00000000e+00 0.00000000e+00 1.02637998e+00 1.29707565e+06 2.98001046e+02 1.00000016e+05 9.90570086e-01 9.42991379e-03
 -5.12000000e-03 0.00000000e+00 7.19214301e-02 0.00000000e+00 0.00000000e+00 1.02637954e+00 1.29666180e+06 2.98001175e+02 1.00000016e+05 9.90179000e-01 9.82099998e-03
 -5.08000000e-03 0.00000000e+00 7.19214650e-02 0.00000000e+00 0.00000000e+00 1.02637904e+00 1.29623143e+06 2.98001319e+02 1.00000016e+05 9.89772336e-01 1.02276642e-02
 -5.04000000e-03 0.00000000e+00 7.19215042e-02 0.00000000e+00 0.00000000e+00 1.02637848e+00 1.29578388e+06 2.98001481e+02 1.00000016e+05 9.89349475e-01 1.06505254e-02
 -5.00000000e-03 0.00000000e+00 7.19215482e-02 0.00000000e+00 0.00000000e+00 1.02637786e+00 1.29531846e+06 2.98001663e+02 1.00000016e+05 9.88909773e-01 1.10902272e-02
 -4.96000000e-03 0.00000000e+00 7.19215975e-02 0.00000000e+00 0.00000000e+00 1.02637715e+00 1.29483446e+06 2.98001867e+02 1.00000016e+05 9.88452561e-01 1.15474387e-02
 -4.92000000e-03 0.00000000e+00 7.19216528e-02 0.00000000e+00 0.00000000e+00 1.02637637e+00 1.29433112e+06 2.98002095e+02 1.00000016e+05 9.87977145e-01 1.20228554e-02
 -4.88000000e-03 0.00000000e+00 7.19217148e-02 0.00000000e+00 0.00000000e+00 1.02637548e+00 1.29380768e+06 2.98002352e+02 1.00000016e+05 9.87482800e-01 1.25172005e-02
 -4.84000000e-03 0.00000000e+00 7.19217844e-02 0.00000000e+00 0.00000000e+00 1.02637449e+00 1.29326333e+06 2.98002639e+02 1.00000016e+05 9.86968774e-01 1.30312255e-02
 -4.80000000e-03 0.00000000e+00 7.19218624e-02 0.00000000e+00 0.00000000e+00 1.02637338e+00 1.29269723e+06 2.98002962e+02 1.00000016e+05 9.86434288e-01 1.35657120e-02
 -4.76000000e-03 0.00000000e+00 7.19219498e-02 0.00000000e+00 0.00000000e+00 1.02637214e+00 1.29210850e+06 2.98003323e+02 1.00000016e+05 9.85878528e-01 1.41214724e-02
 -4.72000000e-03 0.00000000e+00 7.19220479e-02 0.00000000e+00 0.00000000e+00 1.02637074e+00 1.29149625e+06 2.98003729e+02 1.00000016e+05 9.85300649e-01 1.46993511e-02
 -4.68000000e-03 0.00000000e+00 7.19221579e-02 0.00000000e+00 0.00000000e+00 1.02636917e+00 1.29085951e+06 2.98004184e+02 1.00000016e+05 9.84699774e-01 1.53002262e-02
 -4.64000000e-03 0.00000000e+00 7.19222813e-02 0.00000000e+00 0.00000000e+00 1.02636742e+00 1.29019732e+06 2.98004694e+02 1.00000016e+05 9.84074990e-01 1.59250102e-02
 -4.60000000e-03 0.00000000e+00 7.19224196e-02 0.00000000e+00 0.00000000e+00 1.02636545e+00 1.28950863e+06 2.98005266e+02 1.00000016e+05 9.83425348e-01 1.65746519e-02
 -4.56000000e-03 0.00000000e+00 7.19225747e-02 0.00000000e+00 0.00000000e+00 1.02636324e+00 1.28879239e+06 2.98005908e+02 1.00000016e+05 9.82749862e-01 1.72501377e-02
 -4.52000000e-03 0.00000000e+00 7.19227487e-02 0.00000000e+00 0.00000000e+00 1.02636076e+00 1.28804747e+06 2.98006627e+02 1.00000016e+05 9.82047507e-01 1.79524927e-02
 -4.48000000e-03 0.00000000e+00 7.19229437e-02 0.00000000e+00 0.00000000e+00 1.02635798e+00 1.28727273e+06 2.98007434e+02 1.00000016e+05 9.81317217e-01 1.86827827e-02
 -4.44000000e-03 0.00000000e+00 7.19231624e-02 0.00000000e+00 0.00000000e+00 1.02635486e+00 1.28646695e+06 2.98008339e+02 1.00000016e+05 9.80557884e-01 1.94421158e-02
 -4.40000000e-03 0.00000000e+00 7.19234077e-02 0.00000000e+00 0.00000000e+00 1.02635137e+00 1.28562888e+06 2.98009354e+02 1.00000016e+05 9.79768357e-01 2.02316434e-02
 -4.36000000e-03 0.00000000e+00 7.19236827e-02 0.00000000e+00 0.00000000e+00 1.02634745e+00 1.28475720e+06 2.98010492e+02 1.00000016e+05 9.78947437e-01 2.10525629e-02
 -4.32000000e-03 0.00000000e+00 7.19239911e-02 0.00000000e+00 0.00000000e+00 1.02634305e+00 1.28385056e+06 2.98011768e+02 1.00000016e+05 9.78093881e-01 2.19061187e-02
 -4.28000000e-03 0.00000000e+00 7.19243369e-02 0.00000000e+00 0.00000000e+00 1.02633812e+00 1.28290752e+06 2.98013199e+02 1.00000016e+05 9.77206396e-01 2.27936043e-02
 -4.24000000e-03 0.00000000e+00 7.19247246e-02 0.00000000e+00 0.00000000e+00 1.02633260e+00 1.28192661e+06 2.98014804e+02 1.00000016e+05 9.76283635e-01 2.37163645e-02
 -4.20000000e-03 0.00000000e+00 7.19251594e-02 0.00000000e+00 0.00000000e+00 1.02632640e+00 1.28090627e+06 2.98016604e+02 1.00000016e+05 9.75324203e-01 2.46757970e-02
 -4.16000000e-03 0.00000000e+00 7.19256469e-02 0.00000000e+00 0.00000000e+00 1.02631945e+00 1.27984489e+06 2.98018622e+02 1.00000016e+05 9.74326645e-01 2.56733547e-02
 -4.12000000e-03 0.00000000e+00 7.19261934e-02 0.00000000e+00 0.00000000e+00 1.02631166e+00 1.27874078e+06 2.98020885e+02 1.00000016e+05 9.73289452e-01 2.67105477e-02
 -4.08000000e-03 0.00000000e+00 7.19268063e-02 0.00000000e+00 0.00000000e+00 1.02630292e+00 1.27759219e+06 2.98023423e+02 1.00000016e+05 9.72211054e-01 2.77889457e-02
 -4.04000000e-03 0.00000000e+00 7.19274934e-02 0.00000000e+00 0.00000000e+00 1.02629312e+00 1.27639729e+06 2.98026268e+02 1.00000016e+05 9.71089820e-01 2.89101803e-02
 -4.00000000e-03 0.00000000e+00 7.19282638e-02 0.00000000e+00 0.00000000e+00 1.02628213e+00 1.27515415e+06 2.98029459e+02 1.00000016e+05 9.69924053e-01 3.00759474e-02
 -3.96000000e-03 0.00000000e+00 7.19291275e-02 0.00000000e+00 0.00000000e+00 1.02626981e+00 1.27386078e+06 2.98033036e+02 1.00000016e+05 9.68711991e-01 3.12880095e-02
 -3.92000000e-03 0.00000000e+00 7.19300959e-02 0.00000000e+00 0.00000000e+00 1.02625600e+00 1.27251509e+06 2.98037048e+02 1.00000016e+05 9.67451801e-01 3.25481986e-02
 -3.88000000e-03 0.00000000e+00 7.19311817e-02 0.00000000e+00 0.00000000e+00 1.02624051e+00 1.27111489e+06 2.98041545e+02 1.00000016e+05 9.66141581e-01 3.38584188e-02
 -3.84000000e-03 0.00000000e+00 7.19323989e-02 0.00000000e+00 0.00000000e+00 1.02622315e+00 1.26965789e+06 2.98046589e+02 1.00000016e+05 9.64779351e-01 3.52206488e-02
 -3.80000000e-03 0.00000000e+00 7.19337636e-02 0.00000000e+00 0.00000000e+00 1.02620368e+00 1.26814172e+06 2.98052243e+02 1.00000016e+05 9.63363055e-01 3.66369454e-02
 -3.76000000e-03 0.00000000e+00 7.19352936e-02 0.00000000e+00 0.00000000e+00 1.02618185e+00 1.26656386e+06 2.98058583e+02 1.00000016e+05 9.61890554e-01 3.81094457e-02
 -3.72000000e-03 0.00000000e+00 7.19370089e-02 0.00000000e+00 0.00000000e+00 1.02615738e+00 1.26492172e+06 2.98065692e+02 1.00000016e+05 9.60359629e-01 3.96403710e-02
 -3.68000000e-03 0.00000000e+00 7.19389321e-02 0.00000000e+00 0.00000000e+00 1.02612994e+00 1.26321254e+06 2.98073661e+02 1.00000016e+05 9.58767971e-01 4.12320293e-02
 -3.64000000e-03 0.00000000e+00 7.19410882e-02 0.00000000e+00 0.00000000e+00 1.02609918e+00 1.26143346e+06 2.98082597e+02 1.00000016e+05 9.57113181e-01 4.28868191e-02
 -3.60000000e-03 0.00000000e+00 7.19435055e-02 0.00000000e+00 0.00000000e+00 1.02606469e+00 1.25958147e+06 2.98092616e+02 1.00000016e+05 9.55392767e-01 4.46072326e-02
 -3.56000000e-03 0.00000000e+00 7.19462158e-02 0.00000000e+00 0.00000000e+00 1.02602603e+00 1.25765343e+06 2.98103848e+02 1.00000016e+05 9.53604141e-01 4.63958595e-02
 -3.52000000e-03 0.00000000e+00 7.19492546e-02 0.00000000e+00 0.00000000e+00 1.02598269e+00 1.25564602e+06 2.98116441e+02 1.00000016e+05 9.51744610e-01 4.82553901e-02
 -3.48000000e-03 0.00000000e+00 7.19526616e-02 0.00000000e+00 0.00000000e+00 1.02593410e+00 1.25355577e+06 2.98130561e+02 1.00000016e+05 9.49811380e-01 5.01886196e-02
 -3.44000000e-03 0.00000000e+00 7.19564817e-02 0.00000000e+00 0.00000000e+00 1.02587963e+00 1.25137904e+06 2.98146390e+02 1.00000016e+05 9.47801548e-01 5.21984517e-02
 -3.40000000e-03 0.00000000e+00 7.19607650e-02 0.00000000e+00 0.00000000e+00 1.02581856e+00 1.24911200e+06 2.98164138e+02 1.00000016e+05 9.45712097e-01 5.42879030e-02
 -3.36000000e-03 0.00000000e+00 7.19655675e-02 0.00000000e+00 0.00000000e+00 1.02575011e+00 1.24675063e+06 2.98184036e+02 1.00000016e+05 9.43539894e-01 5.64601062e-02
 -3.32000000e-03 0.00000000e+00 7.19709524e-02 0.00000000e+00 0.00000000e+00 1.02567337e+00 1.24429068e+06 2.98206345e+02 1.00000016e+05 9.41281685e-01 5.87183154e-02
 -3.28000000e-03 0.00000000e+00 7.19769902e-02 0.00000000e+00 0.00000000e+00 1.02558735e+00 1.24172770e+06 2.98231356e+02 1.00000016e+05 9.38934091e-01 6.10659095e-02
 -3.24000000e-03 0.00000000e+00 7.19837599e-02 0.00000000e+00 0.00000000e+00 1.02549093e+00 1.23905699e+06 2.98259398e+02 1.00000016e+05 9.36493603e-01 6.35063971e-02
 -3.20000000e-03 0.00000000e+00 7.19913501e-02 0.00000000e+00 0.00000000e+00 1.02538285e+00 1.23627361e+06 2.98290837e+02 1.00000016e+05 9.33956579e-01 6.60434209e-02
 -3.16000000e-03 0.00000000e+00 7.19998599e-02 0.00000000e+00 0.00000000e+00 1.02526170e+00 1.23337234e+06 2.98326083e+02 1.00000016e+05 9.31319238e-01 6.86807621e-02
 -3.12000000e-03 0.00000000e+00 7.20094005e-02 0.00000000e+00 0.00000000e+00 1.02512592e+00 1.23034767e+06 2.98365598e+02 1.00000016e+05 9.28577655e-01 7.14223452e-02
 -3.08000000e-03 0.00000000e+00 7.20200959e-02 0.00000000e+00 0.00000000e+00 1.02497374e+00 1.22719380e+06 2.98409898e+02 1.00000016e+05 9.25727758e-01 7.42722424e-02
 -3.04000000e-03 0.00000000e+00 7.20320854e-02 0.00000000e+00 0.00000000e+00 1.02480319e+00 1.22390459e+06 2.98459560e+02 1.00000016e+05 9.22765321e-01 7.72346785e-02
 -3.00000000e-03 0.00000000e+00 7.20455248e-02 0.00000000e+00 0.00000000e+00 1.02461206e+00 1.22047355e+06 2.98515232e+02 1.00000016e+05 9.19685964e-01 8.03140357e-02
 -2.96000000e-03 0.00000000e+00 7.20605884e-02 0.00000000e+00 0.00000000e+00 1.02439791e+00 1.21689383e+06 2.98577638e+02 1.00000016e+05 9.16485142e-01 8.35148579e-02
 -2.92000000e-03 0.00000000e+00 7.20774716e-02 0.00000000e+00 0.00000000e+00 1.02415796e+00 1.21315819e+06 2.98647591e+02 1.00000016e+05 9.13158144e-01 8.68418556e-02
 -2.88000000e-03 0.00000000e+00 7.20963934e-02 0.00000000e+00 0.00000000e+00 1.02388915e+00 1.20925895e+06 2.98725997e+02 1.00000016e+05 9.09700090e-01 9.02999102e-02
 -2.84000000e-03 0.00000000e+00 7.21175994e-02 0.00000000e+00 0.00000000e+00 1.02358803e+00 1.20518798e+06 2.98813876e+02 1.00000016e+05 9.06105921e-01 9.38940785e-02
 -2.80000000e-03 0.00000000e+00 7.21413651e-02 0.00000000e+00 0.00000000e+00 1.02325077e+00 1.20093669e+06 2.98912365e+02 1.00000016e+05 9.02370403e-01 9.76295967e-02
 -2.76000000e-03 0.00000000e+00 7.21680000e-02 0.00000000e+00 0.00000000e+00 1.02287307e+00 1.19649595e+06 2.99022740e+02 1.00000016e+05 8.98488116e-01 1.01511884e-01
 -2.72000000e-03 0.00000000e+00 7.21978521e-02 0.00000000e+00 0.00000000e+00 1.02245014e+00 1.19185612e+06 2.99146430e+02 1.00000016e+05 8.94453452e-01 1.05546548e-01
 -2.68000000e-03 0.00000000e+00 7.22313130e-02 0.00000000e+00 0.00000000e+00 1.02197662e+00 1.18700693e+06 2.99285034e+02 1.00000016e+05 8.90260618e-01 1.09739382e-01
 -2.64000000e-03 0.00000000e+00 7.22688238e-02 0.00000000e+00 0.00000000e+00 1.02144655e+00 1.18193753e+06 2.99440346e+02 1.00000016e+05 8.85903624e-01 1.14096376e-01
 -2.60000000e-03 0.00000000e+00 7.23108816e-02 0.00000000e+00 0.00000000e+00 1.02085324e+00 1.17663640e+06 2.99614376e+02 1.00000016e+05 8.81376290e-01 1.18623710e-01
 -2.56000000e-03 0.00000000e+00 7.23580471e-02 0.00000000e+00 0.00000000e+00 1.02018926e+00 1.17109131e+06 2.99809379e+02 1.00000016e+05 8.76672242e-01 1.23327758e-01
 -2.52000000e-03 0.00000000e+00 7.24109529e-02 0.00000000e+00 0.00000000e+00 1.01944628e+00 1.16528928e+06 3.00027881e+02 1.00000016e+05 8.71784911e-01 1.28215089e-01
 -2.48000000e-03 0.00000000e+00 7.24703128e-02 0.00000000e+00 0.00000000e+00 1.01861504e+00 1.15921656e+06 3.00272720e+02 1.00000016e+05 8.66707540e-01 1.33292460e-01
 -2.44000000e-03 0.00000000e+00 7.25369323e-02 0.00000000e+00 0.00000000e+00 1.01768517e+00 1.15285857e+06 3.00547080e+02 1.00000016e+05 8.61433185e-01 1.38566815e-01
 -2.40000000e-03 0.00000000e+00 7.26117191e-02 0.00000000e+00 0.00000000e+00 1.01664517e+00 1.14619987e+06 3.00854533e+02 1.00000016e+05 8.55954723e-01 1.44045277e-01
 -2.36000000e-03 0.00000000e+00 7.26956957e-02 0.00000000e+00 0.00000000e+00 1.01548218e+00 1.13922409e+06 3.01199088e+02 1.00000016e+05 8.50264860e-01 1.49735140e-01
 -2.32000000e-03 0.00000000e+00 7.27900119e-02 0.00000000e+00 0.00000000e+00 1.01418194e+00 1.13191397e+06 3.01585243e+02 1.00000016e+05 8.44356147e-01 1.55643853e-01
 -2.28000000e-03 0.00000000e+00 7.28959580e-02 0.00000000e+00 0.00000000e+00 1.01272860e+00 1.12425130e+06 3.02018041e+02 1.00000016e+05 8.38220992e-01 1.61779008e-01
 -2.24000000e-03 0.00000000e+00 7.30149787e-02 0.00000000e+00 0.00000000e+00 1.01110460e+00 1.11621693e+06 3.02503132e+02 1.00000016e+05 8.31851686e-01 1.68148314e-01
 -2.20000000e-03 0.00000000e+00 7.31486872e-02 0.00000000e+00 0.00000000e+00 1.00929054e+00 1.10779079e+06 3.03046839e+02 1.00000016e+05 8.25240423e-01 1.74759577e-01
 -2.16000000e-03 0.00000000e+00 7.32988795e-02 0.00000000e+00 0.00000000e+00 1.00726505e+00 1.09895194e+06 3.03656229e+02 1.00000016e+05 8.18379337e-01 1.81620663e-01
 -2.12000000e-03 0.00000000e+00 7.34675477e-02 0.00000000e+00 0.00000000e+00 1.00500469e+00 1.08967867e+06 3.04339186e+02 1.00000016e+05 8.11260535e-01 1.88739465e-01
 -2.08000000e-03 0.00000000e+00 7.36568944e-02 0.00000000e+00 0.00000000e+00 1.00248381e+00 1.07994859e+06 3.05104487e+02 1.00000016e+05 8.03876145e-01 1.96123855e-01
 -2.04000000e-03 0.00000000e+00 7.38693449e-02 0.00000000e+00 0.00000000e+00 9.99674550e-01 1.06973883e+06 3.05961884e+02 1.00000016e+05 7.96218363e-01 2.03781637e-01
 -2.00000000e-03 0.00000000e+00 7.41075602e-02 0.00000000e+00 0.00000000e+00 9.96546787e-01 1.05902626e+06 3.06922176e+02 1.00000016e+05 7.88279514e-01 2.11720486e-01
 -1.96000000e-03 0.00000000e+00 7.43744482e-02 0.00000000e+00 0.00000000e+00 9.93068165e-01 1.04778775e+06 3.07997295e+02 1.00000016e+05 7.80052115e-01 2.19947885e-01
 -1.92000000e-03 0.00000000e+00 7.46731749e-02 0.00000000e+00 0.00000000e+00 9.89204197e-01 1.03600057e+06 3.09200375e+02 1.00000016e+05 7.71528951e-01 2.28471049e-01
 -1.88000000e-03 0.00000000e+00 7.50071745e-02 0.00000000e+00 0.00000000e+00 9.84918434e-01 1.02364280e+06 3.10545826e+02 1.00000016e+05 7.62703150e-01 2.37296850e-01
 -1.84000000e-03 0.00000000e+00 7.53801600e-02 0.00000000e+00 0.00000000e+00 9.80172720e-01 1.01069384e+06 3.12049399e+02 1.00000016e+05 7.53568271e-01 2.46431729e-01
 -1.80000000e-03 0.00000000e+00 7.57961329e-02 0.00000000e+00 0.00000000e+00 9.74927546e-01 9.97134974e+05 3.13728246e+02 1.00000016e+05 7.44118393e-01 2.55881607e-01
 -1.76000000e-03 0.00000000e+00 7.62593940e-02 0.00000000e+00 0.00000000e+00 9.69142510e-01 9.82950038e+05 3.15600962e+02 1.00000016e+05 7.34348212e-01 2.65651788e-01
 -1.72000000e-03 0.00000000e+00 7.67745539e-02 0.00000000e+00 0.00000000e+00 9.62776883e-01 9.68126121e+05 3.17687632e+02 1.00000016e+05 7.24253134e-01 2.75746866e-01
 -1.68000000e-03 0.00000000e+00 7.73465457e-02 0.00000000e+00 0.00000000e+00 9.55790292e-01 9.52654319e+05 3.20009850e+02 1.00000016e+05 7.13829378e-01 2.86170622e-01
 -1.64000000e-03 0.00000000e+00 7.79806372e-02 0.00000000e+00 0.00000000e+00 9.48143504e-01 9.36530511e+05 3.22590733e+02 1.00000016e+05 7.03074071e-01 2.96925929e-01
 -1.60000000e-03 0.00000000e+00 7.86824451e-02 0.00000000e+00 0.00000000e+00 9.39799313e-01 9.19756147e+05 3.25454917e+02 1.00000016e+05 6.91985344e-01 3.08014656e-01
 -1.56000000e-03 0.00000000e+00 7.94579492e-02 0.00000000e+00 0.00000000e+00 9.30723507e-01 9.02338995e+05 3.28628539e+02 1.00000016e+05 6.80562426e-01 3.19437574e-01
 -1.52000000e-03 0.00000000e+00 8.03135064e-02 0.00000000e+00 0.00000000e+00 9.20885897e-01 8.84293842e+05 3.32139201e+02 1.00000016e+05 6.68805727e-01 3.31194273e-01
 -1.48000000e-03 0.00000000e+00 8.12558633e-02 0.00000000e+00 0.00000000e+00 9.10261374e-01 8.65643090e+05 3.36015912e+02 1.00000016e+05 6.56716917e-01 3.43283083e-01
 -1.44000000e-03 0.00000000e+00 8.22921655e-02 0.00000000e+00 0.00000000e+00 8.98830969e-01 8.46417221e+05 3.40289015e+02 1.00000016e+05 6.44298998e-01 3.55701002e-01
 -1.40000000e-03 0.00000000e+00 8.34299623e-02 0.00000000e+00 0.00000000e+00 8.86582866e-01 8.26655098e+05 3.44990092e+02 1.00000016e+05 6.31556354e-01 3.68443646e-01
 -1.36000000e-03 0.00000000e+00 8.46772034e-02 0.00000000e+00 0.00000000e+00 8.73513328e-01 8.06404057e+05 3.50151845e+02 1.00000016e+05 6.18494808e-01 3.81505192e-01
 -1.32000000e-03 0.00000000e+00 8.60422261e-02 0.00000000e+00 0.00000000e+00 8.59627502e-01 7.85719780e+05 3.55807954e+02 1.00000016e+05 6.05121642e-01 3.94878358e-01
 -1.28000000e-03 0.00000000e+00 8.75337287e-02 0.00000000e+00 0.00000000e+00 8.44940037e-01 7.64665912e+05 3.61992909e+02 1.00000016e+05 5.91445618e-01 4.08554382e-01
 -1.24000000e-03 0.00000000e+00 8.91607299e-02 0.00000000e+00 0.00000000e+00 8.29475501e-01 7.43313427e+05 3.68741815e+02 1.00000016e+05 5.77476977e-01 4.22523023e-01
 -1.20000000e-03 0.00000000e+00 9.09325085e-02 0.00000000e+00 0.00000000e+00 8.13268536e-01 7.21739732e+05 3.76090170e+02 1.00000016e+05 5.63227414e-01 4.36772586e-01
 -1.16000000e-03 0.00000000e+00 9.28585253e-02 0.00000000e+00 0.00000000e+00 7.96363747e-01 7.00027538e+05 3.84073613e+02 1.00000016e+05 5.48710039e-01 4.51289961e-01
 -1.12000000e-03 0.00000000e+00 9.49483244e-02 0.00000000e+00 0.00000000e+00 7.78815298e-01 6.78263515e+05 3.92727650e+02 1.00000016e+05 5.33939314e-01 4.66060686e-01
 -1.08000000e-03 0.00000000e+00 9.72114157e-02 0.00000000e+00 0.00000000e+00 7.60686215e-01 6.56536775e+05 4.02087347e+02 1.00000016e+05 5.18930964e-01 4.81069036e-01
 -1.04000000e-03 0.00000000e+00 9.96571416e-02 0.00000000e+00 0.00000000e+00 7.42047407e-01 6.34937233e+05 4.12187011e+02 1.00000016e+05 5.03701866e-01 4.96298134e-01
 -1.00000000e-03 0.00000000e+00 1.02294533e-01 0.00000000e+00 0.00000000e+00 7.22976441e-01 6.13553914e+05 4.23059848e+02 1.00000016e+05 4.88269916e-01 5.11730084e-01
 -9.60000000e-04 0.00000000e+00 1.05132161e-01 0.00000000e+00 0.00000000e+00 7.03556094e-01 5.92473255e+05 4.34737624e+02 1.00000016e+05 4.72653869e-01 5.27346131e-01
 -9.20000000e-04 0.00000000e+00 1.08177994e-01 0.00000000e+00 0.00000000e+00 6.83872746e-01 5.71777490e+05 4.47250321e+02 1.00000016e+05 4.56873159e-01 5.43126841e-01
 -8.80000000e-04 0.00000000e+00 1.11439276e-01 0.00000000e+00 0.00000000e+00 6.64014673e-01 5.51543159e+05 4.60625825e+02 1.00000016e+05 4.40947700e-01 5.59052300e-01
 -8.40000000e-04 0.00000000e+00 1.14922424e-01 0.00000000e+00 0.00000000e+00 6.44070301e-01 5.31839819e+05 4.74889631e+02 1.00000016e+05 4.24897670e-01 5.75102330e-01
 -8.00000000e-04 0.00000000e+00 1.18632981e-01 0.00000000e+00 0.00000000e+00 6.24126497e-01 5.12728991e+05 4.90064610e+02 1.00000016e+05 4.08743297e-01 5.91256703e-01
 -7.60000000e-04 0.00000000e+00 1.22575603e-01 0.00000000e+00 0.00000000e+00 6.04266960e-01 4.94263384e+05 5.06170831e+02 1.00000016e+05 3.92504629e-01 6.07495371e-01
 -7.20000000e-04 0.00000000e+00 1.26754110e-01 0.00000000e+00 0.00000000e+00 5.84570771e-01 4.76486413e+05 5.23225459e+02 1.00000015e+05 3.76201317e-01 6.23798683e-01
 -6.80000000e-04 0.00000000e+00 1.31171575e-01 0.00000000e+00 0.00000000e+00 5.65111165e-01 4.59432008e+05 5.41242731e+02 1.00000015e+05 3.59852411e-01 6.40147589e-01
 -6.40000000e-04 0.00000000e+00 1.35830440e-01 0.00000000e+00 0.00000000e+00 5.45954559e-01 4.43124721e+05 5.60234008e+02 1.00000015e+05 3.43476171e-01 6.56523829e-01
 -6.00000000e-04 0.00000000e+00 1.40732610e-01 0.00000000e+00 0.00000000e+00 5.27159874e-01 4.27580087e+05 5.80207877e+02 1.00000015e+05 3.27089913e-01 6.72910087e-01
 -5.60000000e-04 0.00000000e+00 1.45879465e-01 0.00000000e+00 0.00000000e+00 5.08778182e-01 4.12805223e+05 6.01170259e+02 1.00000015e+05 3.10709888e-01 6.89290112e-01
 -5.20000000e-04 0.00000000e+00 1.51271693e-01 0.00000000e+00 0.00000000e+00 4.90852691e-01 3.98799616e+05 6.23124448e+02 1.00000015e+05 2.94351223e-01 7.05648777e-01
 -4.80000000e-04 0.00000000e+00 1.56908838e-01 0.00000000e+00 0.00000000e+00 4.73419077e-01 3.85556079e+05 6.46070949e+02 1.00000015e+05 2.78027940e-01 7.21972060e-01
 -4.40000000e-04 0.00000000e+00 1.62788469e-01 0.00000000e+00 0.00000000e+00 4.56506193e-01 3.73061824e+05 6.70006927e+02 1.00000015e+05 2.61753114e-01 7.38246886e-01
 -4.00000000e-04 0.00000000e+00 1.68904905e-01 0.00000000e+00 0.00000000e+00 4.40137143e-01 3.61299637e+05 6.94925015e+02 1.00000015e+05 2.45539233e-01 7.54460767e-01
 -3.60000000e-04 0.00000000e+00 1.75247592e-01 0.00000000e+00 0.00000000e+00 4.24330725e-01 3.50249136e+05 7.20811124e+02 1.00000015e+05 2.29398885e-01 7.70601115e-01
 -3.20000000e-04 0.00000000e+00 1.81799400e-01 0.00000000e+00 0.00000000e+00 4.09103232e-01 3.39888085e+05 7.47640882e+02 1.00000015e+05 2.13345918e-01 7.86654082e-01
 -2.80000000e-04 0.00000000e+00 1.88535411e-01 0.00000000e+00 0.00000000e+00 3.94470524e-01 3.30193763e+05 7.75374265e+02 1.00000015e+05 1.97397265e-01 8.02602735e-01
 -2.40000000e-04 0.00000000e+00 1.95423003e-01 0.00000000e+00 0.00000000e+00 3.80450266e-01 3.21144334e+05 8.03948131e+02 1.00000015e+05 1.81575601e-01 8.18424399e-01
 -2.00000000e-04 0.00000000e+00 2.02424079e-01 0.00000000e+00 0.00000000e+00 3.67064108e-01 3.12720152e+05 8.33266612e+02 1.00000015e+05 1.65912922e-01 8.34087078e-01
 -1.60000000e-04 0.00000000e+00 2.09499794e-01 0.00000000e+00 0.00000000e+00 3.54339495e-01 3.04904890e+05 8.63189839e+02 1.00000015e+05 1.50454942e-01 8.49545058e-01
 -1.20000000e-04 0.00000000e+00 2.16616851e-01 0.00000000e+00 0.00000000e+00 3.42310700e-01 2.97686303e+05 8.93522300e+02 1.00000014e+05 1.35265837e-01 8.64734163e-01
 -8.00000000e-05 0.00000000e+00 2.23752436e-01 0.00000000e+00 0.00000000e+00 3.31018631e-01 2.91056406e+05 9.24003119e+02 1.00000014e+05 1.20432412e-01 8.79567588e-01
 -4.00000000e-05 0.00000000e+00 2.30893114e-01 0.00000000e+00 0.00000000e+00 3.20509029e-01 2.85010850e+05 9.54301558e+02 1.00000013e+05 1.06066250e-01 8.93933750e-01
 0.00000000e+00 0.00000000e+00 2.38023266e-01 0.00000000e+00 0.00000000e+00 3.10828867e-01 2.79547342e+05 9.84021540e+02 1.00000013e+05 9.23021459e-02 9.07697854e-01
 4.00000000e-05 0.00000000e+00 2.45102989e-01 0.00000000e+00 0.00000000e+00 3.02021113e-01 2.74663144e+05 1.01271842e+03 1.00000013e+05 7.92913370e-02 9.20708663e-01
 8.00000000e-05 0.00000000e+00 2.52043464e-01 0.00000000e+00 0.00000000e+00 2.94118495e-01 2.70351966e+05 1.03992911e+03 1.00000013e+05 6.71890511e-02 9.32810949e-01
 1.20000000e-04 0.00000000e+00 2.58694983e-01 0.00000000e+00 0.00000000e+00 2.87137296e-01 2.66600805e+05 1.06521310e+03 1.00000012e+05 5.61375999e-02 9.43862400e-01
 1.60000000e-04 0.00000000e+00 2.64861783e-01 0.00000000e+00 0.00000000e+00 2.81072457e-01 2.63387461e+05 1.08819771e+03 1.00000011e+05 4.62481189e-02 9.53751881e-01
 2.00000000e-04 0.00000000e+00 2.70344988e-01 0.00000000e+00 0.00000000e+00 2.75895101e-01 2.60679411e+05 1.10861835e+03 1.00000009e+05 3.75852399e-02 9.62414760e-01
 2.40000000e-04 0.00000000e+00 2.74997185e-01 0.00000000e+00 0.00000000e+00 2.71553126e-01 2.58434375e+05 1.12634432e+03 1.00000007e+05 3.01586583e-02 9.69841342e-01
 2.80000000e-04 0.00000000e+00 2.78762940e-01 0.00000000e+00 0.00000000e+00 2.67974779e-01 2.56602488e+05 1.14138453e+03 1.00000005e+05 2.39236562e-02 9.76076344e-01
 3.20000000e-04 0.00000000e+00 2.81687012e-01 0.00000000e+00 0.00000000e+00 2.65074441e-01 2.55129554e+05 1.15387294e+03 1.00000004e+05 1.87899407e-02 9.81210059e-01
 3.60000000e-04 0.00000000e+00 2.83890407e-01 0.00000000e+00 0.00000000e+00 2.62759447e-01 2.53960627e+05 1.16403883e+03 1.00000003e+05 1.46358889e-02 9.85364111e-01
 4.00000000e-04 0.00000000e+00 2.85529701e-01 0.00000000e+00 0.00000000e+00 2.60936701e-01 2.53043237e+05 1.17217008e+03 1.00000002e+05 1.13243628e-02 9.88675637e-01
 4.40000000e-04 0.00000000e+00 2.86758475e-01 0.00000000e+00 0.00000000e+00 2.59518136e-01 2.52329756e+05 1.17857736e+03 1.00000001e+05 8.71676621e-03 9.91283234e-01
 4.80000000e-04 0.00000000e+00 2.87702722e-01 0.00000000e+00 0.00000000e+00 2.58424507e-01 2.51778763e+05 1.18356505e+03 1.00000001e+05 6.68338572e-03 9.93316614e-01
 5.20000000e-04 0.00000000e+00 2.88452398e-01 0.00000000e+00 0.00000000e+00 2.57587441e-01 2.51355484e+05 1.18741128e+03 1.00000001e+05 5.10953063e-03 9.94890469e-01
 5.60000000e-04 0.00000000e+00 2.89064741e-01 0.00000000e+00 0.00000000e+00 2.56949985e-01 2.51031535e+05 1.19035713e+03 1.00000001e+05 3.89803525e-03 9.96101965e-01
 6.00000000e-04 0.00000000e+00 2.89573085e-01 0.00000000e+00 0.00000000e+00 2.56466064e-01 2.50784252e+05 1.19260324e+03 1.00000000e+05 2.96916752e-03 9.97030832e-01
 6.40000000e-04 0.00000000e+00 2.89996235e-01 0.00000000e+00 0.00000000e+00 2.56099267e-01 2.50595827e+05 1.19431136e+03 1.00000000e+05 2.25901295e-03 9.97740987e-01
 6.80000000e-04 0.00000000e+00 2.90345740e-01 0.00000000e+00 0.00000000e+00 2.55821348e-01 2.50452427e+05 1.19560885e+03 1.00000000e+05 1.71718226e-03 9.98282818e-01
 7.20000000e-04 0.00000000e+00 2.90630407e-01 0.00000000e+00 0.00000000e+00 2.55610681e-01 2.50343391e+05 1.19659424e+03 9.99999999e+04 1.30440268e-03 9.98695597e-01
 7.60000000e-04 0.00000000e+00 2.90858456e-01 0.00000000e+00 0.00000000e+00 2.55450857e-01 2.50260541e+05 1.19734289e+03 9.99999998e+04 9.90300453e-04 9.99009700e-01
 8.00000000e-04 0.00000000e+00 2.91038153e-01 0.00000000e+00 0.00000000e+00 2.55329487e-01 2.50197624e+05 1.19791204e+03 9.99999997e+04 7.51504211e-04 9.99248496e-01
 8.40000000e-04 0.00000000e+00 2.91177664e-01 0.00000000e+00 0.00000000e+00 2.55237235e-01 2.50149866e+05 1.19834500e+03 9.99999996e+04 5.70092654e-04 9.99429907e-01
 8.80000000e-04 0.00000000e+00 2.91284661e-01 0.00000000e+00 0.00000000e+00 2.55167062e-01 2.50113629e+05 1.19867455e+03 9.99999996e+04 4.32357362e-04 9.99567643e-01
 9.20000000e-04 0.00000000e+00 2.91365980e-01 0.00000000e+00 0.00000000e+00 2.55113649e-01 2.50086143e+05 1.19892551e+03 9.99999995e+04 3.27832193e-04 9.99672168e-01
 9.60000000e-04 0.00000000e+00 2.91427417e-01 0.00000000e+00 0.00000000e+00 2.55072969e-01 2.50065299e+05 1.19911671e+03 9.99999995e+04 2.48538748e-04 9.99751461e-01
 1.00000000e-03 0.00000000e+00 2.91473692e-01 0.00000000e+00 0.00000000e+00 2.55041967e-01 2.50049496e+05 1.19926247e+03 9.99999995e+04 1.88402964e-04 9.99811597e-01
 1.04000000e-03 0.00000000e+00 2.91508524e-01 0.00000000e+00 0.00000000e+00 2.55018320e-01 2.50037515e+05 1.19937368e+03 9.99999994e+04 1.42805645e-04 9.99857194e-01
 1.08000000e-03 0.00000000e+00 2.91534772e-01 0.00000000e+00 0.00000000e+00 2.55000258e-01 2.50028434e+05 1.19945863e+03 9.99999994e+04 1.08237136e-04 9.99891763e-01
 1.12000000e-03 0.00000000e+00 2.91554592e-01 0.00000000e+00 0.00000000e+00 2.54986438e-01 2.50021552e+05 1.19952364e+03 9.99999994e+04 8.20326952e-05 9.99917967e-01
 1.16000000e-03 0.00000000e+00 2.91569595e-01 0.00000000e+00 0.00000000e+00 2.54975834e-01 2.50016335e+05 1.19957352e+03 9.99999994e+04 6.21701579e-05 9.99937830e-01
 1.20000000e-03 0.00000000e+00 2.91580976e-01 0.00000000e+00 0.00000000e+00 2.54967670e-01 2.50012381e+05 1.19961193e+03 9.99999994e+04 4.71155740e-05 9.99952884e-01
 1.24000000e-03 0.00000000e+00 2.91589625e-01 0.00000000e+00 0.00000000e+00 2.54961355e-01 2.50009385e+05 1.19964164e+03 9.99999994e+04 3.57056481e-05 9.99964294e-01
 1.28000000e-03 0.00000000e+00 2.91596205e-01 0.00000000e+00 0.00000000e+00 2.54956439e-01 2.50007114e+05 1.19966477e+03 9.99999994e+04 2.70583388e-05 9.99972942e-01
 1.32000000e-03 0.00000000e+00 2.91601214e-01 0.00000000e+00 0.00000000e+00 2.54952584e-01 2.50005393e+05 1.19968291e+03 9.99999994e+04 2.05049453e-05 9.99979495e-01
 1.36000000e-03 0.00000000e+00 2.91605027e-01 0.00000000e+00 0.00000000e+00 2.54949531e-01 2.50004089e+05 1.19969728e+03 9.99999994e+04 1.55385541e-05 9.99984461e-01
 1.40000000e-03 0.00000000e+00 2.91607931e-01 0.00000000e+00 0.00000000e+00 2.54947087e-01 2.50003101e+05 1.19970878e+03 9.99999994e+04 1.17749234e-05 9.99988225e-01
 1.44000000e-03 0.00000000e+00 2.91610141e-01 0.00000000e+00 0.00000000e+00 2.54945102e-01 2.50002352e+05 1.19971812e+03 9.99999994e+04 8.92281464e-06 9.99991077e-01
 1.48000000e-03 0.00000000e+00 2.91611823e-01 0.00000000e+00 0.00000000e+00 2.54943466e-01 2.50001785e+05 1.19972582e+03 9.99999994e+04 6.76149215e-06 9.99993239e-01
 1.52000000e-03 0.00000000e+00 2.91613105e-01 0.00000000e+00 0.00000000e+00 2.54942094e-01 2.50001355e+05 1.19973227e+03 9.99999994e+04 5.12366319e-06 9.99994876e-01
 1.56000000e-03 0.00000000e+00 2.91614083e-01 0.00000000e+00 0.00000000e+00 2.54940921e-01 2.50001029e+05 1.19973779e+03 9.99999994e+04 3.88254299e-06 9.99996117e-01
 1.60000000e-03 0.00000000e+00 2.91614830e-01 0.00000000e+00 0.00000000e+00 2.54939900e-01 2.50000782e+05 1.19974260e+03 9.99999994e+04 2.94204883e-06 9.99997058e-01
 1.64000000e-03 0.00000000e+00 2.91615403e-01 0.00000000e+00 0.00000000e+00 2.54938993e-01 2.50000595e+05 1.19974687e+03 9.99999994e+04 2.22936688e-06 9.99997771e-01
 1.68000000e-03 0.00000000e+00 2.91615843e-01 0.00000000e+00 0.00000000e+00 2.54938172e-01 2.50000453e+05 1.19975073e+03 9.99999994e+04 1.68931795e-06 9.99998311e-01
 1.72000000e-03 0.00000000e+00 2.91616183e-01 0.00000000e+00 0.00000000e+00 2.54937416e-01 2.50000345e+05 1.19975429e+03 9.99999994e+04 1.28008708e-06 9.99998720e-01
 1.76000000e-03 0.00000000e+00 2.91616448e-01 0.00000000e+00 0.00000000e+00 2.54936709e-01 2.50000264e+05 1.19975761e+03 9.99999994e+04 9.69987121e-07 9.99999030e-01
 1.80000000e-03 0.00000000e+00 2.91616655e-01 0.00000000e+00 0.00000000e+00 2.54936039e-01 2.50000202e+05 1.19976077e+03 9.99999994e+04 7.35005867e-07 9.99999265e-01
 1.84000000e-03 0.00000000e+00 2.91616819e-01 0.00000000e+00 0.00000000e+00 2.54935397e-01 2.50000156e+05 1.19976379e+03 9.99999994e+04 5.56947259e-07 9.99999443e-01
 1.88000000e-03 0.00000000e+00 2.91616949e-01 0.00000000e+00 0.00000000e+00 2.54934776e-01 2.50000120e+05 1.19976671e+03 9.99999994e+04 4.22022685e-07 9.99999578e-01
 1.92000000e-03 0.00000000e+00 2.91617055e-01 0.00000000e+00 0.00000000e+00 2.54934171e-01 2.50000093e+05 1.19976956e+03 9.99999994e+04 3.19783467e-07 9.99999680e-01
 1.96000000e-03 0.00000000e+00 2.91617142e-01 0.00000000e+00 0.00000000e+00 2.54933576e-01 2.50000073e+05 1.19977236e+03 9.99999994e+04 2.42311888e-07 9.99999758e-01
 2.00000000e-03 0.00000000e+00 2.91617215e-01 0.00000000e+00 0.00000000e+00 2.54932991e-01 2.50000058e+05 1.19977511e+03 9.99999994e+04 1.83608149e-07 9.99999816e-01
 2.04000000e-03 0.00000000e+00 2.91617277e-01 0.00000000e+00 0.00000000e+00 2.54932411e-01 2.50000046e+05 1.19977784e+03 9.99999994e+04 1.39125811e-07 9.99999861e-01
 2.08000000e-03 0.00000000e+00 2.91617331e-01 0.00000000e+00 0.00000000e+00 2.54931836e-01 2.50000037e+05 1.19978055e+03 9.99999994e+04 1.05419754e-07 9.99999895e-01
 2.12000000e-03 0.00000000e+00 2.91617379e-01 0.00000000e+00 0.00000000e+00 2.54931263e-01 2.50000030e+05 1.19978324e+03 9.99999994e+04 7.98794051e-08 9.99999920e-01
 2.16000000e-03 0.00000000e+00 2.91617422e-01 0.00000000e+00 0.00000000e+00 2.54930693e-01 2.50000025e+05 1.19978593e+03 9.99999994e+04 6.05265864e-08 9.99999939e-01
 2.20000000e-03 0.00000000e+00 2.91617461e-01 0.00000000e+00 0.00000000e+00 2.54930125e-01 2.50000021e+05 1.19978860e+03 9.99999994e+04 4.58623261e-08 9.99999954e-01
 2.24000000e-03 0.00000000e+00 2.91617498e-01 0.00000000e+00 0.00000000e+00 2.54929556e-01 2.50000018e+05 1.19979128e+03 9.99999994e+04 3.47507763e-08 9.99999965e-01
 2.28000000e-03 0.00000000e+00 2.91617532e-01 0.00000000e+00 0.00000000e+00 2.54928989e-01 2.50000016e+05 1.19979395e+03 9.99999994e+04 2.63312501e-08 9.99999974e-01
 2.32000000e-03 0.00000000e+00 2.91617566e-01 0.00000000e+00 0.00000000e+00 2.54928421e-01 2.50000015e+05 1.19979662e+03 9.99999994e+04 1.99515657e-08 9.99999980e-01
 2.36000000e-03 0.00000000e+00 2.91617598e-01 0.00000000e+00 0.00000000e+00 2.54927853e-01 2.50000013e+05 1.19979930e+03 9.99999994e+04 1.51175362e-08 9.99999985e-01
 2.40000000e-03 0.00000000e+00 2.91617629e-01 0.00000000e+00 0.00000000e+00 2.54927284e-01 2.50000012e+05 1.19980197e+03 9.99999994e+04 1.14546964e-08 9.99999989e-01
 2.44000000e-03 0.00000000e+00 2.91617660e-01 0.00000000e+00 0.00000000e+00 2.54926715e-01 2.50000012e+05 1.19980465e+03 9.99999994e+04 8.67929960e-09 9.99999991e-01
 2.48000000e-03 0.00000000e+00 2.91617690e-01 0.00000000e+00 0.00000000e+00 2.54926145e-01 2.50000011e+05 1.19980733e+03 9.99999994e+04 6.57634067e-09 9.99999993e-01
 2.52000000e-03 0.00000000e+00 2.91617720e-01 0.00000000e+00 0.00000000e+00 2.54925574e-01 2.50000011e+05 1.19981002e+03 9.99999994e+04 4.98290319e-09 9.99999995e-01
 2.56000000e-03 0.00000000e+00 2.91617749e-01 0.00000000e+00 0.00000000e+00 2.54925002e-01 2.50000010e+05 1.19981271e+03 9.99999994e+04 3.77554037e-09 9.99999996e-01
 2.60000000e-03 0.00000000e+00 2.91617779e-01 0.00000000e+00 0.00000000e+00 2.54924430e-01 2.50000010e+05 1.19981541e+03 9.99999994e+04 2.86071311e-09 9.99999997e-01
 2.64000000e-03 0.00000000e+00 2.91617808e-01 0.00000000e+00 0.00000000e+00 2.54923856e-01 2.50000010e+05 1.19981811e+03 9.99999994e+04 2.16754444e-09 9.99999998e-01
 2.68000000e-03 0.00000000e+00 2.91617838e-01 0.00000000e+00 0.00000000e+00 2.54923281e-01 2.50000010e+05 1.19982081e+03 9.99999994e+04 1.64232926e-09 9.99999998e-01
 2.72000000e-03 0.00000000e+00 2.91617867e-01 0.00000000e+00 0.00000000e+00 2.54922706e-01 2.50000010e+05 1.19982352e+03 9.99999994e+04 1.24437409e-09 9.99999999e-01
 2.76000000e-03 0.00000000e+00 2.91617896e-01 0.00000000e+00 0.00000000e+00 2.54922129e-01 2.50000010e+05 1.19982623e+03 9.99999994e+04 9.42844769e-10 9.99999999e-01
 2.80000000e-03 0.00000000e+00 2.91617925e-01 0.00000000e+00 0.00000000e+00 2.54921551e-01 2.50000010e+05 1.19982895e+03 9.99999994e+04 7.14377782e-10 9.99999999e-01
 2.84000000e-03 0.00000000e+00 2.91617954e-01 0.00000000e+00 0.00000000e+00 2.54920972e-01 2.50000009e+05 1.19983168e+03 9.99999994e+04 5.41270284e-10 9.99999999e-01
 2.88000000e-03 0.00000000e+00 2.91617984e-01 0.00000000e+00 0.00000000e+00 2.54920393e-01 2.50000009e+05 1.19983441e+03 9.99999994e+04 4.10108651e-10 1.00000000e+00
 2.92000000e-03 0.00000000e+00 2.91618013e-01 0.00000000e+00 0.00000000e+00 2.54919812e-01 2.50000009e+05 1.19983714e+03 9.99999994e+04 3.10729276e-10 1.00000000e+00
 2.96000000e-03 0.00000000e+00 2.91618042e-01 0.00000000e+00 0.00000000e+00 2.54919229e-01 2.50000009e+05 1.19983988e+03 9.99999994e+04 2.35431142e-10 1.00000000e+00
 3.00000000e-03 0.00000000e+00 2.91618072e-01 0.00000000e+00 0.00000000e+00 2.54918646e-01 2.50000009e+05 1.19984263e+03 9.99999994e+04 1.78379169e-10 1.00000000e+00
 3.04000000e-03 0.00000000e+00 2.91618101e-01 0.00000000e+00 0.00000000e+00 2.54918062e-01 2.50000009e+05 1.19984538e+03 9.99999994e+04 1.35152117e-10 1.00000000e+00
 3.08000000e-03 0.00000000e+00 2.91618131e-01 0.00000000e+00 0.00000000e+00 2.54917476e-01 2.50000009e+05 1.19984813e+03 9.99999994e+04 1.02400023e-10 1.00000000e+00
 3.12000000e-03 0.00000000e+00 2.91618160e-01 0.00000000e+00 0.00000000e+00 2.54916890e-01 2.50000009e+05 1.19985089e+03 9.99999994e+04 7.75846382e-11 1.00000000e+00
 3.16000000e-03 0.00000000e+00 2.91618190e-01 0.00000000e+00 0.00000000e+00 2.54916302e-01 2.50000009e+05 1.19985366e+03 9.99999994e+04 5.87827505e-11 1.00000000e+00
 3.20000000e-03 0.00000000e+00 2.91618219e-01 0.00000000e+00 0.00000000e+00 2.54915714e-01 2.50000009e+05 1.19985643e+03 9.99999994e+04 4.45371624e-11 1.00000000e+00
 3.24000000e-03 0.00000000e+00 2.91618249e-01 0.00000000e+00 0.00000000e+00 2.54915124e-01 2.50000009e+05 1.19985921e+03 9.99999994e+04 3.37437743e-11 1.00000000e+00
 3.28000000e-03 0.00000000e+00 2.91618279e-01 0.00000000e+00 0.00000000e+00 2.54914533e-01 2.50000009e+05 1.19986199e+03 9.99999994e+04 2.55660270e-11 1.00000000e+00
 3.32000000e-03 0.00000000e+00 2.91618308e-01 0.00000000e+00 0.00000000e+00 2.54913940e-01 2.50000009e+05 1.19986478e+03 9.99999994e+04 1.93700747e-11 1.00000000e+00
 3.36000000e-03 0.00000000e+00 2.91618338e-01 0.00000000e+00 0.00000000e+00 2.54913347e-01 2.50000009e+05 1.19986757e+03 9.99999994e+04 1.46756658e-11 1.00000000e+00
 3.40000000e-03 0.00000000e+00 2.91618368e-01 0.00000000e+00 0.00000000e+00 2.54912753e-01 2.50000009e+05 1.19987037e+03 9.99999994e+04 1.11189248e-11 1.00000000e+00
 3.44000000e-03 0.00000000e+00 2.91618398e-01 0.00000000e+00 0.00000000e+00 2.54912157e-01 2.50000009e+05 1.19987317e+03 9.99999994e+04 8.42415277e-12 1.00000000e+00
 3.48000000e-03 0.00000000e+00 2.91618428e-01 0.00000000e+00 0.00000000e+00 2.54911561e-01 2.50000009e+05 1.19987598e+03 9.99999994e+04 6.38246041e-12 1.00000000e+00
 3.52000000e-03 0.00000000e+00 2.91618458e-01 0.00000000e+00 0.00000000e+00 2.54910963e-01 2.50000009e+05 1.19987879e+03 9.99999994e+04 4.83557895e-12 1.00000000e+00
 3.56000000e-03 0.00000000e+00 2.91618488e-01 0.00000000e+00 0.00000000e+00 2.54910364e-01 2.50000009e+05 1.19988161e+03 9.99999994e+04 3.66359348e-12 1.00000000e+00
 3.60000000e-03 0.00000000e+00 2.91618519e-01 0.00000000e+00 0.00000000e+00 2.54909764e-01 2.50000009e+05 1.19988444e+03 9.99999994e+04 2.77564886e-12 1.00000000e+00
 3.64000000e-03 0.00000000e+00 2.91618549e-01 0.00000000e+00 0.00000000e+00 2.54909163e-01 2.50000009e+05 1.19988727e+03 9.99999994e+04 2.10290771e-12 1.00000000e+00
 3.68000000e-03 0.00000000e+00 2.91618579e-01 0.00000000e+00 0.00000000e+00 2.54908560e-01 2.50000009e+05 1.19989010e+03 9.99999994e+04 1.59321485e-12 1.00000000e+00
 3.72000000e-03 0.00000000e+00 2.91618609e-01 0.00000000e+00 0.00000000e+00 2.54907957e-01 2.50000009e+05 1.19989294e+03 9.99999994e+04 1.20705460e-12 1.00000000e+00
 3.76000000e-03 0.00000000e+00 2.91618640e-01 0.00000000e+00 0.00000000e+00 2.54907352e-01 2.50000009e+05 1.19989579e+03 9.99999994e+04 9.14487812e-13 1.00000000e+00
 3.80000000e-03 0.00000000e+00 2.91618670e-01 0.00000000e+00 0.00000000e+00 2.54906746e-01 2.50000009e+05 1.19989864e+03 9.99999994e+04 6.92831076e-13 1.00000000e+00
 3.84000000e-03 0.00000000e+00 2.91618701e-01 0.00000000e+00 0.00000000e+00 2.54906139e-01 2.50000009e+05 1.19990150e+03 9.99999994e+04 5.24898373e-13 1.00000000e+00
 3.88000000e-03 0.00000000e+00 2.91618731e-01 0.00000000e+00 0.00000000e+00 2.54905531e-01 2.50000009e+05 1.19990436e+03 9.99999994e+04 3.97668801e-13 1.00000000e+00
 3.92000000e-03 0.00000000e+00 2.91618762e-01 0.00000000e+00 0.00000000e+00 2.54904922e-01 2.50000009e+05 1.19990723e+03 9.99999994e+04 3.01277179e-13 1.00000000e+00
 3.96000000e-03 0.00000000e+00 2.91618793e-01 0.00000000e+00 0.00000000e+00 2.54904311e-01 2.50000009e+05 1.19991010e+03 9.99999994e+04 2.28249258e-13 1.00000000e+00
 4.00000000e-03 0.00000000e+00 2.91618824e-01 0.00000000e+00 0.00000000e+00 2.54903700e-01 2.50000009e+05 1.19991298e+03 9.99999994e+04 1.72922270e-13 1.00000000e+00
 4.04000000e-03 0.00000000e+00 2.91618854e-01 0.00000000e+00 0.00000000e+00 2.54903087e-01 2.50000009e+05 1.19991587e+03 9.99999994e+04 1.31005912e-13 1.00000000e+00
 4.08000000e-03 0.00000000e+00 2.91618885e-01 0.00000000e+00 0.00000000e+00 2.54902473e-01 2.50000009e+05 1.19991876e+03 9.99999994e+04 9.92497166e-14 1.00000000e+00
 4.12000000e-03 0.00000000e+00 2.91618916e-01 0.00000000e+00 0.00000000e+00 2.54901858e-01 2.50000009e+05 1.19992165e+03 9.99999994e+04 7.51910350e-14 1.00000000e+00
 4.16000000e-03 0.00000000e+00 2.91618947e-01 0.00000000e+00 0.00000000e+00 2.54901241e-01 2.50000009e+05 1.19992455e+03 9.99999994e+04 5.69641020e-14 1.00000000e+00
 4.20000000e-03 0.00000000e+00 2.91618978e-01 0.00000000e+00 0.00000000e+00 2.54900624e-01 2.50000009e+05 1.19992746e+03 9.99999994e+04 4.31553706e-14 1.00000000e+00
 4.24000000e-03 0.00000000e+00 2.91619009e-01 0.00000000e+00 0.00000000e+00 2.54900005e-01 2.50000009e+05 1.19993037e+03 9.99999994e+04 3.26939086e-14 1.00000000e+00
 4.28000000e-03 0.00000000e+00 2.91619041e-01 0.00000000e+00 0.00000000e+00 2.54899385e-01 2.50000009e+05 1.19993329e+03 9.99999994e+04 2.47683590e-14 1.00000000e+00
 4.32000000e-03 0.00000000e+00 2.91619072e-01 0.00000000e+00 0.00000000e+00 2.54898764e-01 2.50000009e+05 1.19993621e+03 9.99999994e+04 1.87640255e-14 1.00000000e+00
 4.36000000e-03 0.00000000e+00 2.91619103e-01 0.00000000e+00 0.00000000e+00 2.54898142e-01 2.50000009e+05 1.19993914e+03 9.99999994e+04 1.42152070e-14 1.00000000e+00
 4.40000000e-03 0.00000000e+00 2.91619135e-01 0.00000000e+00 0.00000000e+00 2.54897519e-01 2.50000009e+05 1.19994208e+03 9.99999994e+04 1.07690835e-14 1.00000000e+00
 4.44000000e-03 0.00000000e+00 2.91619166e-01 0.00000000e+00 0.00000000e+00 2.54896894e-01 2.50000009e+05 1.19994502e+03 9.99999994e+04 8.15835666e-15 1.00000000e+00
 4.48000000e-03 0.00000000e+00 2.91619197e-01 0.00000000e+00 0.00000000e+00 2.54896268e-01 2.50000009e+05 1.19994796e+03 9.99999994e+04 6.18051991e-15 1.00000000e+00
 4.52000000e-03 0.00000000e+00 2.91619229e-01 0.00000000e+00 0.00000000e+00 2.54895641e-01 2.50000009e+05 1.19995091e+03 9.99999994e+04 4.68215417e-15 1.00000000e+00
 4.56000000e-03 0.00000000e+00 2.91619261e-01 0.00000000e+00 0.00000000e+00 2.54895013e-01 2.50000009e+05 1.19995387e+03 9.99999994e+04 3.54702936e-15 1.00000000e+00
 4.60000000e-03 0.00000000e+00 2.91619292e-01 0.00000000e+00 0.00000000e+00 2.54894384e-01 2.50000009e+05 1.19995683e+03 9.99999994e+04 2.68709010e-15 1.00000000e+00
 4.64000000e-03 0.00000000e+00 2.91619324e-01 0.00000000e+00 0.00000000e+00 2.54893753e-01 2.50000009e+05 1.19995980e+03 9.99999994e+04 2.03562624e-15 1.00000000e+00
 4.68000000e-03 0.00000000e+00 2.91619356e-01 0.00000000e+00 0.00000000e+00 2.54893122e-01 2.50000009e+05 1.19996278e+03 9.99999994e+04 1.54209887e-15 1.00000000e+00
 4.72000000e-03 0.00000000e+00 2.91619388e-01 0.00000000e+00 0.00000000e+00 2.54892489e-01 2.50000009e+05 1.19996576e+03 9.99999994e+04 1.16822032e-15 1.00000000e+00
 4.76000000e-03 0.00000000e+00 2.91619420e-01 0.00000000e+00 0.00000000e+00 2.54891854e-01 2.50000009e+05 1.19996874e+03 9.99999994e+04 8.84984482e-16 1.00000000e+00
 4.80000000e-03 0.00000000e+00 2.91619451e-01 0.00000000e+00 0.00000000e+00 2.54891219e-01 2.50000009e+05 1.19997173e+03 9.99999994e+04 6.70416830e-16 1.00000000e+00
 4.84000000e-03 0.00000000e+00 2.91619484e-01 0.00000000e+00 0.00000000e+00 2.54890582e-01 2.50000009e+05 1.19997473e+03 9.99999994e+04 5.07869946e-16 1.00000000e+00
 4.88000000e-03 0.00000000e+00 2.91619516e-01 0.00000000e+00 0.00000000e+00 2.54889945e-01 2.50000009e+05 1.19997773e+03 9.99999994e+04 3.84732140e-16 1.00000000e+00
 4.92000000e-03 0.00000000e+00 2.91619548e-01 0.00000000e+00 0.00000000e+00 2.54889306e-01 2.50000009e+05 1.19998074e+03 9.99999994e+04 2.91449133e-16 1.00000000e+00
 4.96000000e-03 0.00000000e+00 2.91619580e-01 0.00000000e+00 0.00000000e+00 2.54888665e-01 2.50000009e+05 1.19998376e+03 9.99999994e+04 2.20782889e-16 1.00000000e+00
 5.00000000e-03 0.00000000e+00 2.91619612e-01 0.00000000e+00 0.00000000e+00 2.54888024e-01 2.50000009e+05 1.19998678e+03 9.99999994e+04 1.67250103e-16 1.00000000e+00
 5.04000000e-03 0.00000000e+00 2.91619645e-01 0.00000000e+00 0.00000000e+00 2.54887381e-01 2.50000009e+05 1.19998980e+03 9.99999994e+04 1.26696819e-16 1.00000000e+00
 5.08000000e-03 0.00000000e+00 2.91619677e-01 0.00000000e+00 0.00000000e+00 2.54886737e-01 2.50000009e+05 1.19999283e+03 9.99999994e+04 9.59761589e-17 1.00000000e+00
 5.12000000e-03 0.00000000e+00 2.91619709e-01 0.00000000e+00 0.00000000e+00 2.54886092e-01 2.50000009e+05 1.19999587e+03 9.99999994e+04 7.27041743e-17 1.00000000e+00
 5.16000000e-03 0.00000000e+00 2.91619742e-01 0.00000000e+00 0.00000000e+00 2.54885446e-01 2.50000009e+05 1.19999891e+03 9.99999994e+04 5.50748922e-17 1.00000000e+00
 5.20000000e-03 0.00000000e+00 2.91619775e-01 0.00000000e+00 0.00000000e+00 2.54884798e-01 2.50000009e+05 1.20000196e+03 9.99999994e+04 4.17201910e-17 1.00000000e+00
 5.24000000e-03 0.00000000e+00 2.91619807e-01 0.00000000e+00 0.00000000e+00 2.54884149e-01 2.50000009e+05 1.20000502e+03 9.99999994e+04 3.16036498e-17 1.00000000e+00
 5.28000000e-03 0.00000000e+00 2.91619840e-01 0.00000000e+00 0.00000000e+00 2.54883499e-01 2.50000009e+05 1.20000808e+03 9.99999994e+04 2.39401303e-17 1.00000000e+00
 5.32000000e-03 0.00000000e+00 2.91619873e-01 0.00000000e+00 0.00000000e+00 2.54882848e-01 2.50000009e+05 1.20001114e+03 9.99999994e+04 1.81348553e-17 1.00000000e+00
 5.36000000e-03 0.00000000e+00 2.91619905e-01 0.00000000e+00 0.00000000e+00 2.54882195e-01 2.50000009e+05 1.20001422e+03 9.99999994e+04 1.37372559e-17 1.00000000e+00
 5.40000000e-03 0.00000000e+00 2.91619938e-01 0.00000000e+00 0.00000000e+00 2.54881542e-01 2.50000009e+05 1.20001729e+03 9.99999994e+04 1.04060088e-17 1.00000000e+00
 5.44000000e-03 0.00000000e+00 2.91619971e-01 0.00000000e+00 0.00000000e+00 2.54880887e-01 2.50000009e+05 1.20002038e+03 9.99999994e+04 7.88254929e-18 1.00000000e+00
 5.48000000e-03 0.00000000e+00 2.91620004e-01 0.00000000e+00 0.00000000e+00 2.54880230e-01 2.50000009e+05 1.20002347e+03 9.99999994e+04 5.97100592e-18 1.00000000e+00
 5.52000000e-03 0.00000000e+00 2.91620037e-01 0.00000000e+00 0.00000000e+00 2.54879573e-01 2.50000009e+05 1.20002656e+03 9.99999994e+04 4.52300019e-18 1.00000000e+00
 5.56000000e-03 0.00000000e+00 2.91620071e-01 0.00000000e+00 0.00000000e+00 2.54878914e-01 2.50000009e+05 1.20002967e+03 9.99999994e+04 3.42613132e-18 1.00000000e+00
 5.60000000e-03 0.00000000e+00 2.91620104e-01 0.00000000e+00 0.00000000e+00 2.54878254e-01 2.50000009e+05 1.20003277e+03 9.99999994e+04 2.59525296e-18 1.00000000e+00
 5.64000000e-03 0.00000000e+00 2.91620137e-01 0.00000000e+00 0.00000000e+00 2.54877593e-01 2.50000009e+05 1.20003589e+03 9.99999994e+04 1.96586492e-18 1.00000000e+00
 5.68000000e-03 0.00000000e+00 2.91620170e-01 0.00000000e+00 0.00000000e+00 2.54876930e-01 2.50000009e+05 1.20003901e+03 9.99999994e+04 1.48910710e-18 1.00000000e+00
 5.72000000e-03 0.00000000e+00 2.91620204e-01 0.00000000e+00 0.00000000e+00 2.54876266e-01 2.50000009e+05 1.20004213e+03 9.99999994e+04 1.12796722e-18 1.00000000e+00
 5.76000000e-03 0.00000000e+00 2.91620237e-01 0.00000000e+00 0.00000000e+00 2.54875601e-01 2.50000009e+05 1.20004526e+03 9.99999994e+04 8.54407988e-19 1.00000000e+00
 5.80000000e-03 0.00000000e+00 2.91620271e-01 0.00000000e+00 0.00000000e+00 2.54874935e-01 2.50000009e+05 1.20004840e+03 9.99999994e+04 6.47190891e-19 1.00000000e+00
 5.84000000e-03 0.00000000e+00 2.91620304e-01 0.00000000e+00 0.00000000e+00 2.54874267e-01 2.50000009e+05 1.20005154e+03 9.99999994e+04 4.90227606e-19 1.00000000e+00
 5.88000000e-03 0.00000000e+00 2.91620338e-01 0.00000000e+00 0.00000000e+00 2.54873598e-01 2.50000009e+05 1.20005469e+03 9.99999994e+04 3.71331164e-19 1.00000000e+00
 5.92000000e-03 0.00000000e+00 2.91620371e-01 0.00000000e+00 0.00000000e+00 2.54872928e-01 2.50000009e+05 1.20005785e+03 9.99999994e+04 2.81269927e-19 1.00000000e+00
 5.96000000e-03 0.00000000e+00 2.91620405e-01 0.00000000e+00 0.00000000e+00 2.54872257e-01 2.50000009e+05 1.20006101e+03 9.99999994e+04 2.13050943e-19 1.00000000e+00
 6.00000000e-03 0.00000000e+00 2.91620439e-01 0.00000000e+00 0.00000000e+00 2.54871584e-01 2.50000009e+05 1.20006418e+03 9.99999994e+04 1.61377091e-19 1.00000000e+00
 6.04000000e-03 0.00000000e+00 2.91620473e-01 0.00000000e+00 0.00000000e+00 2.54870910e-01 2.50000009e+05 1.20006735e+03 9.99999994e+04 1.22235839e-19 1.00000000e+00
 6.08000000e-03 0.00000000e+00 2.91620507e-01 0.00000000e+00 0.00000000e+00 2.54870235e-01 2.50000009e+05 1.20007053e+03 9.99999994e+04 9.25877397e-20 1.00000000e+00
 6.12000000e-03 0.00000000e+00 2.91620541e-01 0.00000000e+00 0.00000000e+00 2.54869558e-01 2.50000009e+05 1.20007372e+03 9.99999994e+04 7.01304550e-20 1.00000000e+00
 6.16000000e-03 0.00000000e+00 2.91620575e-01 0.00000000e+00 0.00000000e+00 2.54868880e-01 2.50000009e+05 1.20007691e+03 9.99999994e+04 5.31200011e-20 1.00000000e+00
 6.20000000e-03 0.00000000e+00 2.91620609e-01 0.00000000e+00 0.00000000e+00 2.54868201e-01 2.50000009e+05 1.20008011e+03 9.99999994e+04 4.02353455e-20 1.00000000e+00
 6.24000000e-03 0.00000000e+00 2.91620643e-01 0.00000000e+00 0.00000000e+00 2.54867521e-01 2.50000009e+05 1.20008331e+03 9.99999994e+04 3.04758364e-20 1.00000000e+00
 6.28000000e-03 0.00000000e+00 2.91620677e-01 0.00000000e+00 0.00000000e+00 2.54866839e-01 2.50000009e+05 1.20008652e+03 9.99999994e+04 2.30835057e-20 1.00000000e+00
 6.32000000e-03 0.00000000e+00 2.91620712e-01 0.00000000e+00 0.00000000e+00 2.54866156e-01 2.50000009e+05 1.20008974e+03 9.99999994e+04 1.74842147e-20 1.00000000e+00
 6.36000000e-03 0.00000000e+00 2.91620746e-01 0.00000000e+00 0.00000000e+00 2.54865471e-01 2.50000009e+05 1.20009296e+03 9.99999994e+04 1.32430714e-20 1.00000000e+00
 6.40000000e-03 0.00000000e+00 2.91620780e-01 0.00000000e+00 0.00000000e+00 2.54864786e-01 2.50000009e+05 1.20009619e+03 9.99999994e+04 1.00306607e-20 1.00000000e+00
 6.44000000e-03 0.00000000e+00 2.91620815e-01 0.00000000e+00 0.00000000e+00 2.54864099e-01 2.50000009e+05 1.20009942e+03 9.99999994e+04 7.59746269e-21 1.00000000e+00
 6.48000000e-03 0.00000000e+00 2.91620849e-01 0.00000000e+00 0.00000000e+00 2.54863411e-01 2.50000009e+05 1.20010266e+03 9.99999994e+04 5.75447663e-21 1.00000000e+00
 6.52000000e-03 0.00000000e+00 2.91620884e-01 0.00000000e+00 0.00000000e+00 2.54862721e-01 2.50000009e+05 1.20010591e+03 9.99999994e+04 4.35854265e-21 1.00000000e+00
 6.56000000e-03 0.00000000e+00 2.91620918e-01 0.00000000e+00 0.00000000e+00 2.54862030e-01 2.50000009e+05 1.20010916e+03 9.99999994e+04 3.30122390e-21 1.00000000e+00
 6.60000000e-03 0.00000000e+00 2.91620953e-01 0.00000000e+00 0.00000000e+00 2.54861338e-01 2.50000009e+05 1.20011242e+03 9.99999994e+04 2.50038490e-21 1.00000000e+00
 6.64000000e-03 0.00000000e+00 2.91620988e-01 0.00000000e+00 0.00000000e+00 2.54860645e-01 2.50000009e+05 1.20011569e+03 9.99999994e+04 1.89381242e-21 1.00000000e+00
 6.68000000e-03 0.00000000e+00 2.91621023e-01 0.00000000e+00 0.00000000e+00 2.54859950e-01 2.50000009e+05 1.20011896e+03 9.99999994e+04 1.43438340e-21 1.00000000e+00
 6.72000000e-03 0.00000000e+00 2.91621058e-01 0.00000000e+00 0.00000000e+00 2.54859254e-01 2.50000009e+05 1.20012224e+03 9.99999994e+04 1.08640496e-21 1.00000000e+00
 6.76000000e-03 0.00000000e+00 2.91621092e-01 0.00000000e+00 0.00000000e+00 2.54858556e-01 2.50000009e+05 1.20012552e+03 9.99999994e+04 8.22841949e-22 1.00000000e+00
 6.80000000e-03 0.00000000e+00 2.91621127e-01 0.00000000e+00 0.00000000e+00 2.54857858e-01 2.50000009e+05 1.20012881e+03 9.99999994e+04 6.23217009e-22 1.00000000e+00
 6.84000000e-03 0.00000000e+00 2.91621162e-01 0.00000000e+00 0.00000000e+00 2.54857157e-01 2.50000009e+05 1.20013211e+03 9.99999994e+04 4.72019954e-22 1.00000000e+00
 6.88000000e-03 0.00000000e+00 2.91621198e-01 0.00000000e+00 0.00000000e+00 2.54856456e-01 2.50000009e+05 1.20013541e+03 9.99999994e+04 3.57502927e-22 1.00000000e+00
 6.92000000e-03 0.00000000e+00 2.91621233e-01 0.00000000e+00 0.00000000e+00 2.54855753e-01 2.50000009e+05 1.20013872e+03 9.99999994e+04 2.70767805e-22 1.00000000e+00
 6.96000000e-03 0.00000000e+00 2.91621268e-01 0.00000000e+00 0.00000000e+00 2.54855049e-01 2.50000009e+05 1.20014204e+03 9.99999994e+04 2.05074955e-22 1.00000000e+00
 7.00000000e-03 0.00000000e+00 2.91621303e-01 0.00000000e+00 0.00000000e+00 2.54854344e-01 2.50000009e+05 1.20014536e+03 9.99999994e+04 1.55319648e-22 1.00000000e+00
 7.04000000e-03 0.00000000e+00 2.91621338e-01 0.00000000e+00 0.00000000e+00 2.54853637e-01 2.50000009e+05 1.20014869e+03 9.99999994e+04 1.17635483e-22 1.00000000e+00
 7.08000000e-03 0.00000000e+00 2.91621374e-01 0.00000000e+00 0.00000000e+00 2.54852929e-01 2.50000009e+05 1.20015202e+03 9.99999994e+04 8.90939980e-23 1.00000000e+00
 7.12000000e-03 0.00000000e+00 2.91621409e-01 0.00000000e+00 0.00000000e+00 2.54852220e-01 2.50000009e+05 1.20015536e+03 9.99999994e+04 6.74771480e-23 1.00000000e+00
 7.16000000e-03 0.00000000e+00 2.91621445e-01 0.00000000e+00 0.00000000e+00 2.54851509e-01 2.50000009e+05 1.20015871e+03 9.99999994e+04 5.11049712e-23 1.00000000e+00
 7.20000000e-03 0.00000000e+00 2.91621480e-01 0.00000000e+00 0.00000000e+00 2.54850797e-01 2.50000009e+05 1.20016206e+03 9.99999994e+04 3.87050590e-23 1.00000000e+00
 7.24000000e-03 0.00000000e+00 2.91621516e-01 0.00000000e+00 0.00000000e+00 2.54850083e-01 2.50000009e+05 1.20016542e+03 9.99999994e+04 2.93136886e-23 1.00000000e+00
 7.28000000e-03 0.00000000e+00 2.91621551e-01 0.00000000e+00 0.00000000e+00 2.54849369e-01 2.50000009e+05 1.20016879e+03 9.99999994e+04 2.22009397e-23 1.00000000e+00
 7.32000000e-03 0.00000000e+00 2.91621587e-01 0.00000000e+00 0.00000000e+00 2.54848652e-01 2.50000009e+05 1.20017216e+03 9.99999994e+04 1.68139746e-23 1.00000000e+00
 7.36000000e-03 0.00000000e+00 2.91621623e-01 0.00000000e+00 0.00000000e+00 2.54847935e-01 2.50000009e+05 1.20017554e+03 9.99999994e+04 1.27340796e-23 1.00000000e+00
 7.40000000e-03 0.00000000e+00 2.91621658e-01 0.00000000e+00 0.00000000e+00 2.54847216e-01 2.50000009e+05 1.20017893e+03 9.99999994e+04 9.64412586e-24 1.00000000e+00
 7.44000000e-03 0.00000000e+00 2.91621694e-01 0.00000000e+00 0.00000000e+00 2.54846496e-01 2.50000009e+05 1.20018232e+03 9.99999994e+04 7.30392515e-24 1.00000000e+00
 7.48000000e-03 0.00000000e+00 2.91621730e-01 0.00000000e+00 0.00000000e+00 2.54845774e-01 2.50000009e+05 1.20018572e+03 9.99999994e+04 5.53156334e-24 1.00000000e+00
 7.52000000e-03 0.00000000e+00 2.91621766e-01 0.00000000e+00 0.00000000e+00 2.54845052e-01 2.50000009e+05 1.20018912e+03 9.99999994e+04 4.18926268e-24 1.00000000e+00
 7.56000000e-03 0.00000000e+00 2.91621802e-01 0.00000000e+00 0.00000000e+00 2.54844327e-01 2.50000009e+05 1.20019253e+03 9.99999994e+04 3.17267378e-24 1.00000000e+00
 7.60000000e-03 0.00000000e+00 2.91621838e-01 0.00000000e+00 0.00000000e+00 2.54843602e-01 2.50000009e+05 1.20019595e+03 9.99999994e+04 2.40276538e-24 1.00000000e+00
 7.64000000e-03 0.00000000e+00 2.91621874e-01 0.00000000e+00 0.00000000e+00 2.54842875e-01 2.50000009e+05 1.20019937e+03 9.99999994e+04 1.81968171e-24 1.00000000e+00
 7.68000000e-03 0.00000000e+00 2.91621910e-01 0.00000000e+00 0.00000000e+00 2.54842146e-01 2.50000009e+05 1.20020280e+03 9.99999994e+04 1.37809008e-24 1.00000000e+00
 7.72000000e-03 0.00000000e+00 2.91621946e-01 0.00000000e+00 0.00000000e+00 2.54841417e-01 2.50000009e+05 1.20020624e+03 9.99999994e+04 1.04365725e-24 1.00000000e+00
 7.76000000e-03 0.00000000e+00 2.91621982e-01 0.00000000e+00 0.00000000e+00 2.54840686e-01 2.50000009e+05 1.20020968e+03 9.99999994e+04 7.90380625e-25 1.00000000e+00
 7.80000000e-03 0.00000000e+00 2.91622018e-01 0.00000000e+00 0.00000000e+00 2.54839953e-01 2.50000009e+05 1.20021313e+03 9.99999994e+04 5.98567014e-25 1.00000000e+00
 7.84000000e-03 0.00000000e+00 2.91622054e-01 0.00000000e+00 0.00000000e+00 2.54839219e-01 2.50000009e+05 1.20021659e+03 9.99999994e+04 4.53301727e-25 1.00000000e+00
 7.88000000e-03 0.00000000e+00 2.91622091e-01 0.00000000e+00 0.00000000e+00 2.54838484e-01 2.50000009e+05 1.20022005e+03 9.99999994e+04 3.43289137e-25 1.00000000e+00
 7.92000000e-03 0.00000000e+00 2.91622127e-01 0.00000000e+00 0.00000000e+00 2.54837748e-01 2.50000009e+05 1.20022352e+03 9.99999994e+04 2.59974553e-25 1.00000000e+00
 7.96000000e-03 0.00000000e+00 2.91622163e-01 0.00000000e+00 0.00000000e+00 2.54837010e-01 2.50000009e+05 1.20022699e+03 9.99999994e+04 1.96879140e-25 1.00000000e+00
 8.00000000e-03 0.00000000e+00 2.91622199e-01 0.00000000e+00 0.00000000e+00 2.54836271e-01 2.50000009e+05 1.20023048e+03 9.99999994e+04 1.49096226e-25 1.00000000e+00
 8.04000000e-03 0.00000000e+00 2.91622236e-01 0.00000000e+00 0.00000000e+00 2.54835530e-01 2.50000009e+05 1.20023396e+03 9.99999994e+04 1.12909809e-25 1.00000000e+00
 8.08000000e-03 0.00000000e+00 2.91622272e-01 0.00000000e+00 0.00000000e+00 2.54834788e-01 2.50000009e+05 1.20023746e+03 9.99999994e+04 8.55056392e-26 1.00000000e+00
 8.12000000e-03 0.00000000e+00 2.91622309e-01 0.00000000e+00 0.00000000e+00 2.54834044e-01 2.50000009e+05 1.20024096e+03 9.99999994e+04 6.47524043e-26 1.00000000e+00
 8.16000000e-03 0.00000000e+00 2.91622345e-01 0.00000000e+00 0.00000000e+00 2.54833300e-01 2.50000009e+05 1.20024447e+03 9.99999994e+04 4.90360043e-26 1.00000000e+00
 8.20000000e-03 0.00000000e+00 2.91622381e-01 0.00000000e+00 0.00000000e+00 2.54832554e-01 2.50000009e+05 1.20024798e+03 9.99999994e+04 3.71340446e-26 1.00000000e+00
 8.24000000e-03 0.00000000e+00 2.91622418e-01 0.00000000e+00 0.00000000e+00 2.54831806e-01 2.50000009e+05 1.20025150e+03 9.99999994e+04 2.81207816e-26 1.00000000e+00
 8.28000000e-03 0.00000000e+00 2.91622454e-01 0.00000000e+00 0.00000000e+00 2.54831057e-01 2.50000009e+05 1.20025503e+03 9.99999994e+04 2.12951344e-26 1.00000000e+00
 8.32000000e-03 0.00000000e+00 2.91622491e-01 0.00000000e+00 0.00000000e+00 2.54830307e-01 2.50000009e+05 1.20025856e+03 9.99999994e+04 1.61261648e-26 1.00000000e+00
 8.36000000e-03 0.00000000e+00 2.91622527e-01 0.00000000e+00 0.00000000e+00 2.54829555e-01 2.50000009e+05 1.20026210e+03 9.99999994e+04 1.22117877e-26 1.00000000e+00
 8.40000000e-03 0.00000000e+00 2.91622564e-01 0.00000000e+00 0.00000000e+00 2.54828802e-01 2.50000009e+05 1.20026565e+03 9.99999994e+04 9.24750065e-27 1.00000000e+00
 8.44000000e-03 0.00000000e+00 2.91622600e-01 0.00000000e+00 0.00000000e+00 2.54828048e-01 2.50000009e+05 1.20026920e+03 9.99999994e+04 7.00270185e-27 1.00000000e+00
 8.48000000e-03 0.00000000e+00 2.91622637e-01 0.00000000e+00 0.00000000e+00 2.54827292e-01 2.50000009e+05 1.20027276e+03 9.99999994e+04 5.30275516e-27 1.00000000e+00
 8.52000000e-03 0.00000000e+00 2.91622673e-01 0.00000000e+00 0.00000000e+00 2.54826535e-01 2.50000009e+05 1.20027633e+03 9.99999994e+04 4.01540722e-27 1.00000000e+00
 8.56000000e-03 0.00000000e+00 2.91622710e-01 0.00000000e+00 0.00000000e+00 2.54825776e-01 2.50000009e+05 1.20027990e+03 9.99999994e+04 3.04050067e-27 1.00000000e+00
 8.60000000e-03 0.00000000e+00 2.91622746e-01 0.00000000e+00 0.00000000e+00 2.54825016e-01 2.50000009e+05 1.20028348e+03 9.99999994e+04 2.30218371e-27 1.00000000e+00
 8.64000000e-03 0.00000000e+00 2.91622782e-01 0.00000000e+00 0.00000000e+00 2.54824255e-01 2.50000009e+05 1.20028707e+03 9.99999994e+04 1.74300988e-27 1.00000000e+00
 8.68000000e-03 0.00000000e+00 2.91622819e-01 0.00000000e+00 0.00000000e+00 2.54823492e-01 2.50000009e+05 1.20029066e+03 9.99999994e+04 1.31946946e-27 1.00000000e+00
 8.72000000e-03 0.00000000e+00 2.91622855e-01 0.00000000e+00 0.00000000e+00 2.54822728e-01 2.50000009e+05 1.20029426e+03 9.99999994e+04 9.98604949e-28 1.00000000e+00
 8.76000000e-03 0.00000000e+00 2.91622892e-01 0.00000000e+00 0.00000000e+00 2.54821963e-01 2.50000009e+05 1.20029787e+03 9.99999994e+04 7.55447294e-28 1.00000000e+00
 8.80000000e-03 0.00000000e+00 2.91622928e-01 0.00000000e+00 0.00000000e+00 2.54821196e-01 2.50000009e+05 1.20030148e+03 9.99999994e+04 5.71073314e-28 1.00000000e+00
 8.84000000e-03 0.00000000e+00 2.91622964e-01 0.00000000e+00 0.00000000e+00 2.54820428e-01 2.50000009e+05 1.20030510e+03 9.99999994e+04 4.31132888e-28 1.00000000e+00
 8.88000000e-03 0.00000000e+00 2.91623001e-01 0.00000000e+00 0.00000000e+00 2.54819658e-01 2.50000009e+05 1.20030872e+03 9.99999994e+04 3.24730639e-28 1.00000000e+00
 8.92000000e-03 0.00000000e+00 2.91623037e-01 0.00000000e+00 0.00000000e+00 2.54818887e-01 2.50000009e+05 1.20031235e+03 9.99999994e+04 2.43574328e-28 1.00000000e+00
 8.96000000e-03 0.00000000e+00 2.91623073e-01 0.00000000e+00 0.00000000e+00 2.54818115e-01 2.50000009e+05 1.20031599e+03 9.99999994e+04 1.81323237e-28 1.00000000e+00
 9.00000000e-03 0.00000000e+00 2.91623109e-01 0.00000000e+00 0.00000000e+00 2.54817341e-01 2.50000009e+05 1.20031964e+03 9.99999994e+04 1.33086978e-28 1.00000000e+00
 9.04000000e-03 0.00000000e+00 2.91623145e-01 0.00000000e+00 0.00000000e+00 2.54816566e-01 2.50000009e+05 1.20032329e+03 9.99999994e+04 9.50403629e-29 1.00000000e+00
 9.08000000e-03 0.00000000e+00 2.91623181e-01 0.00000000e+00 0.00000000e+00 2.54815790e-01 2.50000009e+05 1.20032694e+03 9.99999994e+04 6.41357453e-29 1.00000000e+00
 9.12000000e-03 0.00000000e+00 2.91623217e-01 0.00000000e+00 0.00000000e+00 2.54815012e-01 2.50000009e+05 1.20033061e+03 9.99999994e+04 3.79075069e-29 1.00000000e+00
 9.16000000e-03 0.00000000e+00 2.91623253e-01 0.00000000e+00 0.00000000e+00 2.54814233e-01 2.50000009e+05 1.20033428e+03 9.99999994e+04 1.43800166e-29 1.00000000e+00
 9.20000000e-03 0.00000000e+00 2.91623289e-01 0.00000000e+00 0.00000000e+00 2.54813452e-01 2.50000009e+05 1.20033795e+03 9.99999994e+04 -7.90985172e-30 1.00000000e+00
 9.24000000e-03 0.00000000e+00 2.91623324e-01 0.00000000e+00 0.00000000e+00 2.54812671e-01 2.50000009e+05 1.20034164e+03 9.99999994e+04 -2.98548340e-29 1.00000000e+00
 9.28000000e-03 0.00000000e+00 2.91623360e-01 0.00000000e+00 0.00000000e+00 2.54811887e-01 2.50000009e+05 1.20034533e+03 9.99999994e+04 -5.18522791e-29 1.00000000e+00
 9.32000000e-03 0.00000000e+00 2.91623396e-01 0.00000000e+00 0.00000000e+00 2.54811103e-01 2.50000009e+05 1.20034902e+03 9.99999994e+04 -7.40042586e-29 1.00000000e+00
 9.36000000e-03 0.00000000e+00 2.91623431e-01 0.00000000e+00 0.00000000e+00 2.54810317e-01 2.50000009e+05 1.20035272e+03 9.99999994e+04 -9.62904066e-29 1.00000000e+00
 9.40000000e-03 0.00000000e+00 2.91623466e-01 0.00000000e+00 0.00000000e+00 2.54809530e-01 2.50000009e+05 1.20035643e+03 9.99999994e+04 -1.18659909e-28 1.00000000e+00
 9.44000000e-03 0.00000000e+00 2.91623501e-01 0.00000000e+00 0.00000000e+00 2.54808741e-01 2.50000009e+05 1.20036015e+03 9.99999994e+04 -1.41069284e-28 1.00000000e+00
 9.48000000e-03 0.00000000e+00 2.91623536e-01 0.00000000e+00 0.00000000e+00 2.54807952e-01 2.50000009e+05 1.20036387e+03 9.99999994e+04 -1.63491985e-28 1.00000000e+00
 9.52000000e-03 0.00000000e+00 2.91623571e-01 0.00000000e+00 0.00000000e+00 2.54807160e-01 2.50000009e+05 1.20036759e+03 9.99999994e+04 -1.85915602e-28 1.00000000e+00
 9.56000000e-03 0.00000000e+00 2.91623606e-01 0.00000000e+00 0.00000000e+00 2.54806368e-01 2.50000009e+05 1.20037133e+03 9.99999994e+04 -2.08336276e-28 1.00000000e+00
 9.60000000e-03 0.00000000e+00 2.91623641e-01 0.00000000e+00 0.00000000e+00 2.54805574e-01 2.50000009e+05 1.20037507e+03 9.99999994e+04 -2.30754092e-28 1.00000000e+00
 9.64000000e-03 0.00000000e+00 2.91623675e-01 0.00000000e+00 0.00000000e+00 2.54804779e-01 2.50000009e+05 1.20037881e+03 9.99999994e+04 -2.53170327e-28 1.00000000e+00
 9.68000000e-03 0.00000000e+00 2.91623709e-01 0.00000000e+00 0.00000000e+00 2.54803983e-01 2.50000009e+05 1.20038256e+03 9.99999994e+04 -2.75586192e-28 1.00000000e+00
 9.72000000e-03 0.00000000e+00 2.91623743e-01 0.00000000e+00 0.00000000e+00 2.54803185e-01 2.50000009e+05 1.20038632e+03 9.99999994e+04 -2.98002473e-28 1.00000000e+00
 9.76000000e-03 0.00000000e+00 2.91623777e-01 0.00000000e+00 0.00000000e+00 2.54802386e-01 2.50000009e+05 1.20039009e+03 9.99999995e+04 -3.20419549e-28 1.00000000e+00
 9.80000000e-03 0.00000000e+00 2.91623810e-01 0.00000000e+00 0.00000000e+00 2.54801586e-01 2.50000009e+05 1.20039386e+03 9.99999995e+04 -3.42837547e-28 1.00000000e+00
 9.84000000e-03 0.00000000e+00 2.91623844e-01 0.00000000e+00 0.00000000e+00 2.54800785e-01 2.50000009e+05 1.20039763e+03 9.99999995e+04 -3.65256463e-28 1.00000000e+00
 9.88000000e-03 0.00000000e+00 2.91623877e-01 0.00000000e+00 0.00000000e+00 2.54799982e-01 2.50000009e+05 1.20040141e+03 9.99999995e+04 -3.87676254e-28 1.00000000e+00
 9.92000000e-03 0.00000000e+00 2.91623910e-01 0.00000000e+00 0.00000000e+00 2.54799178e-01 2.50000009e+05 1.20040520e+03 9.99999995e+04 -4.10096871e-28 1.00000000e+00
 9.96000000e-03 0.00000000e+00 2.91623942e-01 0.00000000e+00 0.00000000e+00 2.54798373e-01 2.50000009e+05 1.20040899e+03 9.99999995e+04 -4.32518276e-28 1.00000000e+00
 1.00000000e-02 0.00000000e+00 2.91623975e-01 0.00000000e+00 0.00000000e+00 2.54797566e-01 2.50000009e+05 1.20041279e+03 9.99999995e+04 -4.54940441e-28 1.00000000e+00
 1.00400000e-02 0.00000000e+00 2.91624007e-01 0.00000000e+00 0.00000000e+00 2.54796759e-01 2.50000009e+05 1.20041660e+03 9.99999995e+04 -4.77363347e-28 1.00000000e+00
 1.00800000e-02 0.00000000e+00 2.91624038e-01 0.00000000e+00 0.00000000e+00 2.54795950e-01 2.50000009e+05 1.20042041e+03 9.99999995e+04 -4.99786978e-28 1.00000000e+00
 1.01200000e-02 0.00000000e+00 2.91624070e-01 0.00000000e+00 0.00000000e+00 2.54795140e-01 2.50000009e+05 1.20042423e+03 9.99999995e+04 -5.22211319e-28 1.00000000e+00
 1.01600000e-02 0.00000000e+00 2.91624101e-01 0.00000000e+00 0.00000000e+00 2.54794328e-01 2.50000009e+05 1.20042805e+03 9.99999995e+04 -5.44636355e-28 1.00000000e+00
 1.02000000e-02 0.00000000e+00 2.91624131e-01 0.00000000e+00 0.00000000e+00 2.54793516e-01 2.50000009e+05 1.20043187e+03 9.99999995e+04 -5.67062071e-28 1.00000000e+00
 1.02400000e-02 0.00000000e+00 2.91624161e-01 0.00000000e+00 0.00000000e+00 2.54792703e-01 2.50000009e+05 1.20043571e+03 9.99999995e+04 -5.89488450e-28 1.00000000e+00
 1.02800000e-02 0.00000000e+00 2.91624191e-01 0.00000000e+00 0.00000000e+00 2.54791888e-01 2.50000009e+05 1.20043955e+03 9.99999995e+04 -6.11915477e-28 1.00000000e+00
 1.03200000e-02 0.00000000e+00 2.91624221e-01 0.00000000e+00 0.00000000e+00 2.54791072e-01 2.50000009e+05 1.20044339e+03 9.99999995e+04 -6.34343135e-28 1.00000000e+00
 1.03600000e-02 0.00000000e+00 2.91624250e-01 0.00000000e+00 0.00000000e+00 2.54790255e-01 2.50000009e+05 1.20044724e+03 9.99999995e+04 -6.56771405e-28 1.00000000e+00
 1.04000000e-02 0.00000000e+00 2.91624278e-01 0.00000000e+00 0.00000000e+00 2.54789437e-01 2.50000009e+05 1.20045109e+03 9.99999995e+04 -6.79200272e-28 1.00000000e+00
 1.04400000e-02 0.00000000e+00 2.91624306e-01 0.00000000e+00 0.00000000e+00 2.54788618e-01 2.50000009e+05 1.20045495e+03 9.99999995e+04 -7.01629716e-28 1.00000000e+00
 1.04800000e-02 0.00000000e+00 2.91624334e-01 0.00000000e+00 0.00000000e+00 2.54787798e-01 2.50000009e+05 1.20045881e+03 9.99999995e+04 -7.24059720e-28 1.00000000e+00
 1.05200000e-02 0.00000000e+00 2.91624360e-01 0.00000000e+00 0.00000000e+00 2.54786977e-01 2.50000009e+05 1.20046268e+03 9.99999995e+04 -7.46490266e-28 1.00000000e+00
 1.05600000e-02 0.00000000e+00 2.91624387e-01 0.00000000e+00 0.00000000e+00 2.54786155e-01 2.50000009e+05 1.20046656e+03 9.99999995e+04 -7.68921335e-28 1.00000000e+00
 1.06000000e-02 0.00000000e+00 2.91624413e-01 0.00000000e+00 0.00000000e+00 2.54785332e-01 2.50000009e+05 1.20047043e+03 9.99999995e+04 -7.91352908e-28 1.00000000e+00
 1.06400000e-02 0.00000000e+00 2.91624438e-01 0.00000000e+00 0.00000000e+00 2.54784508e-01 2.50000009e+05 1.20047432e+03 9.99999995e+04 -8.13784965e-28 1.00000000e+00
 1.06800000e-02 0.00000000e+00 2.91624462e-01 0.00000000e+00 0.00000000e+00 2.54783683e-01 2.50000009e+05 1.20047820e+03 9.99999995e+04 -8.36217488e-28 1.00000000e+00
 1.07200000e-02 0.00000000e+00 2.91624486e-01 0.00000000e+00 0.00000000e+00 2.54782857e-01 2.50000009e+05 1.20048210e+03 9.99999995e+04 -8.58650456e-28 1.00000000e+00
 1.07600000e-02 0.00000000e+00 2.91624509e-01 0.00000000e+00 0.00000000e+00 2.54782030e-01 2.50000009e+05 1.20048599e+03 9.99999995e+04 -8.81083849e-28 1.00000000e+00
 1.08000000e-02 0.00000000e+00 2.91624531e-01 0.00000000e+00 0.00000000e+00 2.54781203e-01 2.50000009e+05 1.20048989e+03 9.99999995e+04 -9.03517646e-28 1.00000000e+00
 1.08400000e-02 0.00000000e+00 2.91624553e-01 0.00000000e+00 0.00000000e+00 2.54780374e-01 2.50000009e+05 1.20049379e+03 9.99999995e+04 -9.25951828e-28 1.00000000e+00
 1.08800000e-02 0.00000000e+00 2.91624573e-01 0.00000000e+00 0.00000000e+00 2.54779545e-01 2.50000009e+05 1.20049770e+03 9.99999995e+04 -9.48386371e-28 1.00000000e+00
 1.09200000e-02 0.00000000e+00 2.91624593e-01 0.00000000e+00 0.00000000e+00 2.54778715e-01 2.50000009e+05 1.20050161e+03 9.99999995e+04 -9.70821256e-28 1.00000000e+00
 1.09600000e-02 0.00000000e+00 2.91624612e-01 0.00000000e+00 0.00000000e+00 2.54777884e-01 2.50000009e+05 1.20050553e+03 9.99999995e+04 -9.93256460e-28 1.00000000e+00
 1.10000000e-02 0.00000000e+00 2.91624630e-01 0.00000000e+00 0.00000000e+00 2.54777053e-01 2.50000009e+05 1.20050944e+03 9.99999995e+04 -1.01569196e-27 1.00000000e+00
 1.10400000e-02 0.00000000e+00 2.91624647e-01 0.00000000e+00 0.00000000e+00 2.54776221e-01 2.50000009e+05 1.20051336e+03 9.99999995e+04 -1.03812774e-27 1.00000000e+00
 1.10800000e-02 0.00000000e+00 2.91624663e-01 0.00000000e+00 0.00000000e+00 2.54775388e-01 2.50000009e+05 1.20051729e+03 9.99999995e+04 -1.06056376e-27 1.00000000e+00
 1.11200000e-02 0.00000000e+00 2.91624678e-01 0.00000000e+00 0.00000000e+00 2.54774555e-01 2.50000009e+05 1.20052121e+03 9.99999995e+04 -1.08300002e-27 1.00000000e+00
 1.11600000e-02 0.00000000e+00 2.91624691e-01 0.00000000e+00 0.00000000e+00 2.54773721e-01 2.50000009e+05 1.20052514e+03 9.99999995e+04 -1.10543648e-27 1.00000000e+00
 1.12000000e-02 0.00000000e+00 2.91624704e-01 0.00000000e+00 0.00000000e+00 2.54772887e-01 2.50000009e+05 1.20052907e+03 9.99999995e+04 -1.12787312e-27 1.00000000e+00
 1.12400000e-02 0.00000000e+00 2.91624715e-01 0.00000000e+00 0.00000000e+00 2.54772052e-01 2.50000009e+05 1.20053301e+03 9.99999995e+04 -1.15030991e-27 1.00000000e+00
 1.12800000e-02 0.00000000e+00 2.91624725e-01 0.00000000e+00 0.00000000e+00 2.54771217e-01 2.50000009e+05 1.20053694e+03 9.99999995e+04 -1.17274684e-27 1.00000000e+00
 1.13200000e-02 0.00000000e+00 2.91624734e-01 0.00000000e+00 0.00000000e+00 2.54770382e-01 2.50000009e+05 1.20054088e+03 9.99999995e+04 -1.19518388e-27 1.00000000e+00
 1.13600000e-02 0.00000000e+00 2.91624741e-01 0.00000000e+00 0.00000000e+00 2.54769546e-01 2.50000009e+05 1.20054482e+03 9.99999995e+04 -1.21762099e-27 1.00000000e+00
 1.14000000e-02 0.00000000e+00 2.91624747e-01 0.00000000e+00 0.00000000e+00 2.54768710e-01 2.50000009e+05 1.20054876e+03 9.99999995e+04 -1.24005817e-27 1.00000000e+00
 1.14400000e-02 0.00000000e+00 2.91624751e-01 0.00000000e+00 0.00000000e+00 2.54767874e-01 2.50000009e+05 1.20055270e+03 9.99999995e+04 -1.26249537e-27 1.00000000e+00
 1.14800000e-02 0.00000000e+00 2.91624753e-01 0.00000000e+00 0.00000000e+00 2.54767038e-01 2.50000009e+05 1.20055664e+03 9.99999995e+04 -1.28493257e-27 1.00000000e+00
 1.15200000e-02 0.00000000e+00 2.91624754e-01 0.00000000e+00 0.00000000e+00 2.54766201e-01 2.50000009e+05 1.20056058e+03 9.99999995e+04 -1.30736975e-27 1.00000000e+00
