!! Mixture averaged transport data file

!! Reference temperature
3.0d2

!! Reference pressure
1.0d5

!! Viscosity coefficients
1 -1.1623335D+01  6.6265653D-01 -1.3380699D-02  2.9855062D-03
2 -1.0789821D+01  7.7597711D-01 -8.1514493D-02  1.6581773D-02
3 -1.1484838D+01  1.0721537D+00  3.1691928D-03 -2.1817208D-02
4 -1.0604628D+01  7.3076671D-01 -6.0173883D-02  1.3342193D-02
5 -1.0574316D+01  7.3076671D-01 -6.0173883D-02  1.3342193D-02
6 -1.1569221D+01  8.4116031D-01 -1.0960851D-01  2.0329993D-02
7 -1.0774435D+01  7.7597711D-01 -8.1514493D-02  1.6581773D-02
8 -1.0759509D+01  7.7597711D-01 -8.1514493D-02  1.6581773D-02
9 -1.0922972D+01  7.5708911D-01 -7.0590841D-02  1.4355753D-02

!! Thermal conductivity coefficients
1 -1.6774023D+00  6.7800389D-01  6.0212873D-03  1.1224239D-02
2 -3.6301886D+00  8.9192179D-01 -4.4519736D-02  4.0535492D-03
3 -3.6571164D+00  1.2038090D+00  9.4051389D-02 -4.1704178D-02
4 -3.0297090D+00  7.3076671D-01 -6.0173883D-02  1.3342193D-02
5 -2.8411701D+00  7.1063838D-01 -5.1511152D-03  1.3300633D-02
6 -1.2217134D+00  8.4116031D-01 -1.0960851D-01  2.0329993D-02
7 -3.5239365D+00  1.0302475D+00 -4.6045569D-02 -1.4691398D-03
8 -3.2922747D+00  1.0966427D+00 -5.7895066D-02 -4.7120253D-03
9 -3.6486043D+00  7.9484049D-01  2.3989013D-02 -1.1993908D-02

!! Diffusion coefficients
1 1 -8.8157899D+00  1.6767814D+00 -1.5738954D-02  3.3242353D-03
2 1 -9.4085247D+00  1.7124356D+00 -3.7667133D-02  7.8978109D-03
2 2 -1.0767064D+01  1.7805827D+00 -7.2472640D-02  1.3963040D-02
3 1 -8.7930097D+00  1.8593878D+00 -1.0336542D-01  1.7922621D-02
3 2 -1.0261377D+01  1.9619435D+00 -1.1794173D-01  1.4868015D-02
3 3 -1.0894723D+01  2.1074880D+00 -1.2257848D-02 -2.0202313D-02
4 1 -9.1145500D+00  1.6989474D+00 -2.8041321D-02  5.5067712D-03
4 2 -1.0308763D+01  1.7578941D+00 -6.1995024D-02  1.2305278D-02
4 3 -1.0175686D+01  1.9191592D+00 -1.1747302D-01  1.7933197D-02
4 4 -9.8863836D+00  1.7404050D+00 -5.5150064D-02  1.1547496D-02
5 1 -9.1178287D+00  1.6989474D+00 -2.8041321D-02  5.5067712D-03
5 2 -1.0328765D+01  1.7578941D+00 -6.1995024D-02  1.2305278D-02
5 3 -1.0191505D+01  1.9191592D+00 -1.1747302D-01  1.7933197D-02
5 4 -9.9013101D+00  1.7404050D+00 -5.5150064D-02  1.1547496D-02
5 5 -9.9166959D+00  1.7404050D+00 -5.5150064D-02  1.1547496D-02
6 1 -8.4240525D+00  1.7283214D+00 -4.5374851D-02  8.9890049D-03
6 2 -8.9539663D+00  1.8067602D+00 -8.4026853D-02  1.5768260D-02
6 3 -8.9325636D+00  1.9728943D+00 -1.1162353D-01  1.2070006D-02
6 4 -8.6208060D+00  1.7809917D+00 -7.2590767D-02  1.3963040D-02
6 5 -8.6225391D+00  1.7809917D+00 -7.2590767D-02  1.3963040D-02
6 6 -8.0808181D+00  1.8367031D+00 -9.4938621D-02  1.6779262D-02
7 1 -9.4094167D+00  1.7124356D+00 -3.7667133D-02  7.8978109D-03
7 2 -1.0774698D+01  1.7805827D+00 -7.2472640D-02  1.3963040D-02
7 3 -1.0646927D+01  1.9511898D+00 -1.2182094D-01  1.7037851D-02
7 4 -1.0313839D+01  1.7578941D+00 -6.1995024D-02  1.2305278D-02
7 5 -1.0334050D+01  1.7578941D+00 -6.1995024D-02  1.2305278D-02
7 6 -8.9544257D+00  1.8067602D+00 -8.4026853D-02  1.5768260D-02
7 7 -1.0782450D+01  1.7805827D+00 -7.2472640D-02  1.3963040D-02
8 1 -9.4102578D+00  1.7124356D+00 -3.7667133D-02  7.8978109D-03
8 2 -1.0781991D+01  1.7805827D+00 -7.2472640D-02  1.3963040D-02
8 3 -1.0652145D+01  1.9511898D+00 -1.2182094D-01  1.7037851D-02
8 4 -1.0318664D+01  1.7578941D+00 -6.1995024D-02  1.2305278D-02
8 5 -1.0339075D+01  1.7578941D+00 -6.1995024D-02  1.2305278D-02
8 6 -8.9548584D+00  1.8067602D+00 -8.4026853D-02  1.5768260D-02
8 7 -1.0789857D+01  1.7805827D+00 -7.2472640D-02  1.3963040D-02
8 8 -1.0797376D+01  1.7805827D+00 -7.2472640D-02  1.3963040D-02
9 1 -9.4446587D+00  1.7088596D+00 -3.6525108D-02  7.8978109D-03
9 2 -1.0765801D+01  1.7736936D+00 -7.0453581D-02  1.3963040D-02
9 3 -1.0265370D+01  1.9507609D+00 -1.1580786D-01  1.4868015D-02
9 4 -1.0325050D+01  1.7520036D+00 -6.0215678D-02  1.2305278D-02
9 5 -1.0344126D+01  1.7520036D+00 -6.0215678D-02  1.2305278D-02
9 6 -8.9959759D+00  1.7980866D+00 -7.9106137D-02  1.4587746D-02
9 7 -1.0772922D+01  1.7736936D+00 -7.0453581D-02  1.3963040D-02
9 8 -1.0779718D+01  1.7736936D+00 -7.0453581D-02  1.3963040D-02
9 9 -1.0766127D+01  1.7642966D+00 -6.3872807D-02  1.2305278D-02

!!End of file
