!! Mixture averaged transport data file

!! Reference temperature
3.0d2

!! Reference pressure
1.0d5

!! Viscosity coefficients
1 -1.1623335D+01  6.6265653D-01 -1.3380699D-02  2.9855062D-03
2 -1.0789821D+01  7.7597711D-01 -8.1514493D-02  1.6581773D-02
3 -1.1484838D+01  1.0721537D+00  3.1691928D-03 -2.1817208D-02
4 -1.0604628D+01  7.3076671D-01 -6.0173883D-02  1.3342193D-02
5 -1.0574316D+01  7.3076671D-01 -6.0173883D-02  1.3342193D-02
6 -1.1569221D+01  8.4116031D-01 -1.0960851D-01  2.0329993D-02
7 -1.0774435D+01  7.7597711D-01 -8.1514493D-02  1.6581773D-02
8 -1.1010153D+01  7.1288562D-01 -4.6380027D-02  9.9216483D-03
9 -1.0922972D+01  7.5708911D-01 -7.0590841D-02  1.4355753D-02
10 -1.0888476D+01  7.5708911D-01 -7.0590841D-02  1.4355753D-02
11 -1.0562815D+01  7.3076671D-01 -6.0173883D-02  1.3342193D-02
12 -1.0849160D+01  7.9286391D-01 -8.8810106D-02  1.7430116D-02
13 -1.0530545D+01  7.3076671D-01 -6.0173883D-02  1.3342193D-02
14 -1.0833286D+01  7.9286391D-01 -8.8810106D-02  1.7430116D-02
15 -1.0928351D+01  7.1288562D-01 -4.6380027D-02  9.9216483D-03
16 -1.1468142D+01  1.0146846D+00 -1.8782751D-02 -1.8208026D-02
17 -1.1111904D+01  9.5267882D-01 -1.3514455D-01  1.9877619D-02
18 -1.0759509D+01  7.7597711D-01 -8.1514493D-02  1.6581773D-02
19 -1.0845524D+01  9.1725265D-01 -1.3131197D-01  2.1456203D-02

!! Thermal conductivity coefficients
1 -1.6774023D+00  6.7800389D-01  6.0212873D-03  1.1224239D-02
2 -3.6301886D+00  8.9192179D-01 -4.4519736D-02  4.0535492D-03
3 -3.6571164D+00  1.2038090D+00  9.4051389D-02 -4.1704178D-02
4 -3.0297090D+00  7.3076671D-01 -6.0173883D-02  1.3342193D-02
5 -2.8411701D+00  7.1063838D-01 -5.1511152D-03  1.3300633D-02
6 -1.2217134D+00  8.4116031D-01 -1.0960851D-01  2.0329993D-02
7 -3.5239365D+00  1.0302475D+00 -4.6045569D-02 -1.4691398D-03
8 -3.3017029D+00  7.1288562D-01 -4.6380027D-02  9.9216483D-03
9 -3.6486043D+00  7.9484049D-01  2.3989013D-02 -1.1993908D-02
10 -3.6589982D+00  8.1404768D-01  1.4670774D-02 -1.2719723D-02
11 -2.6632193D+00  7.5885226D-01 -1.1974974D-02  1.0863072D-02
12 -3.5506809D+00  1.0471856D+00 -2.3366843D-02 -1.5875014D-02
13 -2.5758564D+00  8.5633133D-01  4.0539967D-02 -6.6463034D-03
14 -3.4459670D+00  1.1861379D+00 -4.5156753D-02 -1.5480947D-02
15 -3.5454843D+00  9.1210040D-01  6.7470433D-02 -3.5427482D-02
16 -3.5013529D+00  1.3459943D+00  7.2187796D-02 -5.5158984D-02
17 -4.0253696D+00  1.2829070D+00 -1.5431685D-01  4.2119677D-03
18 -3.2922747D+00  1.0966427D+00 -5.7895066D-02 -4.7120253D-03
19 -3.8652192D+00  1.2302025D+00 -1.2537864D-01 -2.5816014D-03

!! Diffusion coefficients
1 1 -8.8157899D+00  1.6767814D+00 -1.5738954D-02  3.3242353D-03
2 1 -9.4085247D+00  1.7124356D+00 -3.7667133D-02  7.8978109D-03
2 2 -1.0767064D+01  1.7805827D+00 -7.2472640D-02  1.3963040D-02
3 1 -8.7930097D+00  1.8593878D+00 -1.0336542D-01  1.7922621D-02
3 2 -1.0261377D+01  1.9619435D+00 -1.1794173D-01  1.4868015D-02
3 3 -1.0894723D+01  2.1074880D+00 -1.2257848D-02 -2.0202313D-02
4 1 -9.1145500D+00  1.6989474D+00 -2.8041321D-02  5.5067712D-03
4 2 -1.0308763D+01  1.7578941D+00 -6.1995024D-02  1.2305278D-02
4 3 -1.0175686D+01  1.9191592D+00 -1.1747302D-01  1.7933197D-02
4 4 -9.8863836D+00  1.7404050D+00 -5.5150064D-02  1.1547496D-02
5 1 -9.1178287D+00  1.6989474D+00 -2.8041321D-02  5.5067712D-03
5 2 -1.0328765D+01  1.7578941D+00 -6.1995024D-02  1.2305278D-02 
5 3 -1.0191505D+01  1.9191592D+00 -1.1747302D-01  1.7933197D-02
5 4 -9.9013101D+00  1.7404050D+00 -5.5150064D-02  1.1547496D-02
5 5 -9.9166959D+00  1.7404050D+00 -5.5150064D-02  1.1547496D-02
6 1 -8.4240525D+00  1.7283214D+00 -4.5374851D-02  8.9890049D-03
6 2 -8.9539663D+00  1.8067602D+00 -8.4026853D-02  1.5768260D-02
6 3 -8.9325636D+00  1.9728943D+00 -1.1162353D-01  1.2070006D-02
6 4 -8.6208060D+00  1.7809917D+00 -7.2590767D-02  1.3963040D-02
6 5 -8.6225391D+00  1.7809917D+00 -7.2590767D-02  1.3963040D-02
6 6 -8.0808181D+00  1.8367031D+00 -9.4938621D-02  1.6779262D-02
7  1 -9.4094167D+00  1.7124356D+00 -3.7667133D-02  7.8978109D-03
7  2 -1.0774698D+01  1.7805827D+00 -7.2472640D-02  1.3963040D-02
7  3 -1.0646927D+01  1.9511898D+00 -1.2182094D-01  1.7037851D-02
7  4 -1.0313839D+01  1.7578941D+00 -6.1995024D-02  1.2305278D-02
7  5 -1.0334050D+01  1.7578941D+00 -6.1995024D-02  1.2305278D-02
7  6 -8.9544257D+00  1.8067602D+00 -8.4026853D-02  1.5768260D-02
7  7 -1.0782450D+01  1.7805827D+00 -7.2472640D-02  1.3963040D-02
8  1 -9.2799709D+00  1.6958117D+00 -2.7101903D-02  5.5067712D-03
8  2 -1.0417994D+01  1.7509629D+00 -5.9895828D-02  1.2305278D-02
8  3 -1.0310634D+01  1.9059731D+00 -1.1441374D-01  1.7933197D-02
8  4 -1.0028345D+01  1.7307367D+00 -4.8451091D-02  1.0098400D-02
8  5 -1.0042263D+01  1.7307367D+00 -4.8451091D-02  1.0098400D-02
8  6 -8.8170891D+00  1.7728715D+00 -7.0208768D-02  1.3963040D-02
8  7 -1.0422627D+01  1.7509629D+00 -5.9895828D-02  1.2305278D-02
8  8 -1.0157022D+01  1.7248354D+00 -4.4326857D-02  8.9890049D-03
9  1 -9.4446587D+00  1.7088596D+00 -3.6525108D-02  7.8978109D-03
9  2 -1.0765801D+01  1.7736936D+00 -7.0453581D-02  1.3963040D-02
9  3 -1.0265370D+01  1.9507609D+00 -1.1580786D-01  1.4868015D-02
9  4 -1.0325050D+01  1.7520036D+00 -6.0215678D-02  1.2305278D-02
9  5 -1.0344126D+01  1.7520036D+00 -6.0215678D-02  1.2305278D-02
9  6 -8.9959759D+00  1.7980866D+00 -7.9106137D-02  1.4587746D-02
9  7 -1.0772922D+01  1.7736936D+00 -7.0453581D-02  1.3963040D-02
9  8 -1.0432750D+01  1.7451216D+00 -5.6612057D-02  1.1547496D-02
9  9 -1.0766127D+01  1.7642966D+00 -6.3872807D-02  1.2305278D-02
10  1 -9.4468859D+00  1.7088596D+00 -3.6525108D-02  7.8978109D-03
10  2 -1.0783902D+01  1.7736936D+00 -7.0453581D-02  1.3963040D-02
10  3 -1.0278587D+01  1.9507609D+00 -1.1580786D-01  1.4868015D-02
10  4 -1.0337321D+01  1.7520036D+00 -6.0215678D-02  1.2305278D-02
10  5 -1.0356880D+01  1.7520036D+00 -6.0215678D-02  1.2305278D-02
10  6 -8.9971266D+00  1.7980866D+00 -7.9106137D-02  1.4587746D-02
10  7 -1.0791288D+01  1.7736936D+00 -7.0453581D-02  1.3963040D-02
10  8 -1.0443986D+01  1.7451216D+00 -5.6612057D-02  1.1547496D-02
10  9 -1.0783078D+01  1.7642966D+00 -6.3872807D-02  1.2305278D-02
10 10 -1.0800623D+01  1.7642966D+00 -6.3872807D-02  1.2305278D-02
11  1 -9.0752719D+00  1.6989474D+00 -2.8041321D-02  5.5067712D-03
11  2 -1.0254541D+01  1.7578941D+00 -6.1995024D-02  1.2305278D-02
11  3 -1.0120642D+01  1.9191592D+00 -1.1747302D-01  1.7933197D-02
11  4 -9.8332904D+00  1.7404050D+00 -5.5150064D-02  1.1547496D-02
11  5 -9.8477284D+00  1.7404050D+00 -5.5150064D-02  1.1547496D-02
11  6 -8.5767422D+00  1.7809917D+00 -7.2590767D-02  1.3963040D-02
11  7 -1.0259400D+01  1.7578941D+00 -6.1995024D-02  1.2305278D-02
11  8 -9.9796814D+00  1.7307367D+00 -4.8451091D-02  1.0098400D-02
11  9 -1.0272634D+01  1.7520036D+00 -6.0215678D-02  1.2305278D-02
11 10 -1.0284400D+01  1.7520036D+00 -6.0215678D-02  1.2305278D-02
11 11 -9.7800318D+00  1.7404050D+00 -5.5150064D-02  1.1547496D-02
12  1 -9.4270967D+00  1.7156046D+00 -3.8650960D-02  7.8978109D-03
12  2 -1.0780860D+01  1.7886958D+00 -7.6464434D-02  1.4587746D-02
12  3 -1.0665387D+01  1.9556136D+00 -1.1673865D-01  1.4868015D-02
12  4 -1.0325155D+01  1.7631062D+00 -6.3527887D-02  1.2305278D-02
12  5 -1.0344941D+01  1.7631062D+00 -6.3527887D-02  1.2305278D-02
12  6 -8.9788262D+00  1.8155761D+00 -8.8004369D-02  1.6338529D-02
12  7 -1.0788371D+01  1.7886958D+00 -7.6464434D-02  1.4587746D-02
12  8 -1.0433674D+01  1.7560007D+00 -6.1428690D-02  1.2305278D-02
12  9 -1.0779400D+01  1.7796167D+00 -7.2192950D-02  1.3963040D-02
12 10 -1.0797228D+01  1.7796167D+00 -7.2192950D-02  1.3963040D-02
12 11 -1.0271338D+01  1.7631062D+00 -6.3527887D-02  1.2305278D-02
12 12 -1.0794866D+01  1.7951214D+00 -7.8281623D-02  1.4587746D-02
13  1 -9.0789619D+00  1.6989474D+00 -2.8041321D-02  5.5067712D-03
13  2 -1.0276284D+01  1.7578941D+00 -6.1995024D-02  1.2305278D-02
13  3 -8.8116558D+00  1.9673501D+00 -1.1895969D-01  1.4868015D-02
13  4 -9.8496853D+00  1.7404050D+00 -5.5150064D-02  1.1547496D-02
13  5 -9.8646118D+00  1.7404050D+00 -5.5150064D-02  1.1547496D-02
13  6 -8.5786991D+00  1.7809917D+00 -7.2590767D-02  1.3963040D-02
13  7 -1.0281360D+01  1.7578941D+00 -6.1995024D-02  1.2305278D-02
13  8 -9.9949999D+00  1.7307367D+00 -4.8451091D-02  1.0098400D-02
13  9 -1.0293409D+01  1.7520036D+00 -6.0215678D-02  1.2305278D-02
13 10 -1.0305679D+01  1.7520036D+00 -6.0215678D-02  1.2305278D-02
13 11 -9.7959061D+00  1.7404050D+00 -5.5150064D-02  1.1547496D-02
13 12 -1.0292855D+01  1.7631062D+00 -6.3527887D-02  1.2305278D-02
13 13 -9.8123010D+00  1.7404050D+00 -5.5150064D-02  1.1547496D-02
14  1 -9.4280445D+00  1.7156046D+00 -3.8650960D-02  7.8978109D-03
14  2 -1.0788860D+01  1.7886958D+00 -7.6464434D-02  1.4587746D-02
14  3 -1.0671160D+01  1.9556136D+00 -1.1673865D-01  1.4868015D-02
14  4 -1.0330503D+01  1.7631062D+00 -6.3527887D-02  1.2305278D-02
14  5 -1.0350505D+01  1.7631062D+00 -6.3527887D-02  1.2305278D-02
14  6 -8.9793148D+00  1.8155761D+00 -8.8004369D-02  1.6338529D-02
14  7 -1.0796493D+01  1.7886958D+00 -7.6464434D-02  1.4587746D-02
14  8 -1.0438559D+01  1.7560007D+00 -6.1428690D-02  1.2305278D-02
14  9 -1.0786871D+01  1.7796167D+00 -7.2192950D-02  1.3963040D-02
14 10 -1.0804972D+01  1.7796167D+00 -7.2192950D-02  1.3963040D-02
14 11 -1.0276460D+01  1.7631062D+00 -6.3527887D-02  1.2305278D-02
14 12 -1.0802740D+01  1.7951214D+00 -7.8281623D-02  1.4587746D-02
14 13 -1.0298202D+01  1.7631062D+00 -6.3527887D-02  1.2305278D-02
14 14 -1.0810741D+01  1.7951214D+00 -7.8281623D-02  1.4587746D-02
15  1 -9.4680753D+00  1.6958117D+00 -2.7101903D-02  5.5067712D-03
15  2 -1.0783793D+01  1.7509629D+00 -5.9895828D-02  1.2305278D-02
15  3 -1.0645159D+01  1.9059731D+00 -1.1441374D-01  1.7933197D-02
15  4 -1.0348596D+01  1.7307367D+00 -4.8451091D-02  1.0098400D-02
15  5 -1.0367919D+01  1.7307367D+00 -4.8451091D-02  1.0098400D-02
15  6 -9.0133888D+00  1.7728715D+00 -7.0208768D-02  1.3963040D-02
15  7 -1.0791048D+01  1.7509629D+00 -5.9895828D-02  1.2305278D-02
15  8 -1.0452779D+01  1.7248354D+00 -4.4326857D-02  8.9890049D-03
15  9 -1.0783724D+01  1.7451216D+00 -5.6612057D-02  1.1547496D-02
15 10 -1.0800978D+01  1.7451216D+00 -5.6612057D-02  1.1547496D-02
15 11 -1.0296784D+01  1.7307367D+00 -4.8451091D-02  1.0098400D-02
15 12 -1.0796058D+01  1.7560007D+00 -6.1428690D-02  1.2305278D-02
15 13 -1.0317817D+01  1.7307367D+00 -4.8451091D-02  1.0098400D-02
15 14 -1.0803667D+01  1.7560007D+00 -6.1428690D-02  1.2305278D-02
15 15 -1.0803458D+01  1.7248354D+00 -4.4326857D-02  8.9890049D-03
16  1 -9.0425947D+00  1.8354717D+00 -9.4611591D-02  1.6779262D-02
16  2 -1.0428486D+01  1.9413541D+00 -1.1973973D-01  1.7037851D-02
16  3 -1.0834341D+01  2.0667258D+00 -2.3286766D-02 -1.8147914D-02
16  4 -1.0240916D+01  1.9008816D+00 -1.1482324D-01  1.8512466D-02
16  5 -1.0256302D+01  1.9008816D+00 -1.1482324D-01  1.8512466D-02
16  6 -9.0216703D+00  1.9606724D+00 -1.1770113D-01  1.4868015D-02
16  7 -1.0691213D+01  1.9303832D+00 -1.1737480D-01  1.7037851D-02
16  8 -1.0367616D+01  1.8878276D+00 -1.1088433D-01  1.8149846D-02
16  9 -1.0432412D+01  1.9299872D+00 -1.1728855D-01  1.7037851D-02
16 10 -1.0445165D+01  1.9299872D+00 -1.1728855D-01  1.7037851D-02
16 11 -1.0188444D+01  1.9008816D+00 -1.1482324D-01  1.8512466D-02
16 12 -1.0709071D+01  1.9402189D+00 -1.1949720D-01  1.7037851D-02
16 13 -9.2929003D+00  1.9341739D+00 -1.1819728D-01  1.7037851D-02
16 14 -1.0714636D+01  1.9402189D+00 -1.1949720D-01  1.7037851D-02
16 15 -1.0689092D+01  1.8878276D+00 -1.1088433D-01  1.8149846D-02
16 16 -1.0813890D+01  2.0449871D+00 -4.8752277D-02 -1.0013306D-02
17  1 -9.6199158D+00  1.7596034D+00 -6.2501867D-02  1.2305278D-02
17  2 -1.1066098D+01  1.8542468D+00 -1.0201955D-01  1.7922621D-02
17  3 -1.0996891D+01  2.0090060D+00 -9.6203756D-02  4.7454914D-03
17  4 -1.0583720D+01  1.8239700D+00 -9.0311689D-02  1.6338529D-02
17  5 -1.0605768D+01  1.8239700D+00 -9.0311689D-02  1.6338529D-02
17  6 -9.2211053D+00  1.8857289D+00 -1.1036784D-01  1.8149846D-02
17  7 -1.1074948D+01  1.8542468D+00 -1.0201955D-01  1.7922621D-02
17  8 -1.0675810D+01  1.8138575D+00 -8.7524448D-02  1.6338529D-02
17  9 -1.1053777D+01  1.8445370D+00 -9.9427939D-02  1.7922621D-02
17 10 -1.1074574D+01  1.8445370D+00 -9.9427939D-02  1.7922621D-02
17 11 -1.0529216D+01  1.8239700D+00 -9.0311689D-02  1.6338529D-02
17 12 -1.1081044D+01  1.8628119D+00 -1.0425217D-01  1.7922621D-02
17 13 -1.0553082D+01  1.8239700D+00 -9.0311689D-02  1.6338529D-02
17 14 -1.1090296D+01  1.8628119D+00 -1.0425217D-01  1.7922621D-02
17 15 -1.1060548D+01  1.8138575D+00 -8.7524448D-02  1.6338529D-02
17 16 -1.1028502D+01  1.9923771D+00 -9.4965391D-02  4.7454914D-03
17 17 -1.1402788D+01  1.9356308D+00 -1.1851189D-01  1.7037851D-02
18  1 -9.4102578D+00  1.7124356D+00 -3.7667133D-02  7.8978109D-03
18  2 -1.0781991D+01  1.7805827D+00 -7.2472640D-02  1.3963040D-02
18  3 -1.0652145D+01  1.9511898D+00 -1.2182094D-01  1.7037851D-02
18  4 -1.0318664D+01  1.7578941D+00 -6.1995024D-02  1.2305278D-02
18  5 -1.0339075D+01  1.7578941D+00 -6.1995024D-02  1.2305278D-02
18  6 -8.9548584D+00  1.8067602D+00 -8.4026853D-02  1.5768260D-02
18  7 -1.0789857D+01  1.7805827D+00 -7.2472640D-02  1.3963040D-02
18  8 -1.0427027D+01  1.7509629D+00 -5.9895828D-02  1.2305278D-02
18  9 -1.0779718D+01  1.7736936D+00 -7.0453581D-02  1.3963040D-02
18 10 -1.0798340D+01  1.7736936D+00 -7.0453581D-02  1.3963040D-02
18 11 -1.0264017D+01  1.7578941D+00 -6.1995024D-02  1.2305278D-02
18 12 -1.0795546D+01  1.7886958D+00 -7.6464434D-02  1.4587746D-02
18 13 -1.0286185D+01  1.7578941D+00 -6.1995024D-02  1.2305278D-02
18 14 -1.0803786D+01  1.7886958D+00 -7.6464434D-02  1.4587746D-02
18 15 -1.0797975D+01  1.7509629D+00 -5.9895828D-02  1.2305278D-02
18 16 -1.0696238D+01  1.9303832D+00 -1.1737480D-01  1.7037851D-02
18 17 -1.1083423D+01  1.8542468D+00 -1.0201955D-01  1.7922621D-02
18 18 -1.0797376D+01  1.7805827D+00 -7.2472640D-02  1.3963040D-02
19  1 -9.5020640D+00  1.7504273D+00 -5.9730546D-02  1.2305278D-02
19  2 -1.0957651D+01  1.8387415D+00 -9.5477488D-02  1.6779262D-02
19  3 -1.0860906D+01  1.9946419D+00 -9.5135005D-02  4.7454914D-03
19  4 -1.0463434D+01  1.8106866D+00 -8.6632024D-02  1.6338529D-02
19  5 -1.0485746D+01  1.8106866D+00 -8.6632024D-02  1.6338529D-02
19  6 -9.0784085D+00  1.8694648D+00 -1.0628024D-01  1.8149846D-02
19  7 -1.0966668D+01  1.8387415D+00 -9.5477488D-02  1.6779262D-02
19  8 -1.0564175D+01  1.7988567D+00 -7.9318859D-02  1.4587746D-02
19  9 -1.0947354D+01  1.8283324D+00 -9.1487836D-02  1.6338529D-02
19 10 -1.0968517D+01  1.8283324D+00 -9.1487836D-02  1.6338529D-02
19 11 -1.0407036D+01  1.8106866D+00 -8.6632024D-02  1.6338529D-02
19 12 -1.0971767D+01  1.8474622D+00 -1.0021574D-01  1.7922621D-02
19 13 -1.0431175D+01  1.8106866D+00 -8.6632024D-02  1.6338529D-02
19 14 -1.0981190D+01  1.8474622D+00 -1.0021574D-01  1.7922621D-02
19 15 -1.0958667D+01  1.7988567D+00 -7.9318859D-02  1.4587746D-02
19 16 -1.0897926D+01  1.9887011D+00 -1.1096649D-01  1.0630723D-02
19 17 -1.1294323D+01  1.9210070D+00 -1.1823566D-01  1.8095788D-02
19 18 -1.0975305D+01  1.8387415D+00 -9.5477488D-02  1.6779262D-02
19 19 -1.1183082D+01  1.9035193D+00 -1.1383537D-01  1.7933197D-02

!!End of file
